FID;ET_X;ET_Y
0;-11.500159999999999;81.350719999999995
1;-11.602819999999999;81.384029999999996
2;-11.670380000000000;81.418830000000000
3;-11.716500000000000;81.466830000000002
4;-11.810400000000000;81.512389999999996
5;-12.071650000000000;81.563389999999998
6;-12.233499999999999;81.583169999999996
7;-12.366500000000000;81.600170000000006
8;-12.783500000000000;81.633170000000007
9;-12.883170000000000;81.650170000000003
10;-13.133500000000000;81.683170000000004
11;-13.166499999999999;81.700170000000000
12;-13.202360000000001;81.717569999999995
13;-13.533370000000000;81.763769999999994
14;-14.253259999999999;81.749080000000006
15;-14.718120000000001;81.715170000000001
16;-14.894209999999999;81.718760000000003
17;-15.116500000000000;81.699830000000006
18;-15.350160000000001;81.683499999999995
19;-15.434799999999999;81.666169999999994
20;-15.491830000000000;81.606809999999996
21;-15.988670000000001;81.616950000000003
22;-16.083169999999999;81.651139999999998
23;-16.049840000000000;81.683170000000004
24;-16.033500000000000;81.701319999999996
25;-16.269110000000001;81.766499999999994
26;-16.367509999999999;81.732820000000004
27;-16.366129999999998;81.665490000000005
28;-16.266290000000001;81.600030000000004
29;-16.291319999999999;81.575969999999998
30;-16.433170000000000;81.600170000000006
31;-16.693390000000001;81.628439999999998
32;-16.870069999999998;81.577309999999997
33;-16.916499999999999;81.541089999999997
34;-16.866499999999998;81.516829999999999
35;-16.833500000000001;81.488969999999995
36;-17.162700000000001;81.465959999999995
37;-17.249839999999999;81.399829999999994
38;-17.439730000000001;81.373320000000007
39;-17.633170000000000;81.416830000000004
40;-17.916830000000001;81.433170000000004
41;-17.975030000000000;81.463139999999996
42;-18.201740000000001;81.483310000000003
43;-18.066500000000001;81.499830000000003
44;-17.982830000000000;81.516970000000001
45;-17.983660000000000;81.557829999999996
46;-18.240490000000001;81.585740000000001
47;-18.485289999999999;81.580740000000006
48;-18.667510000000000;81.549660000000003
49;-18.666490000000000;81.499840000000006
50;-18.772020000000001;81.474109999999996
51;-19.016829999999999;81.450170000000000
52;-19.133170000000000;81.416499999999999
53;-19.292090000000002;81.383499999999998
54;-19.260639999999999;81.444540000000003
55;-19.283680000000000;81.466669999999993
56;-19.266500000000001;81.483170000000001
57;-19.250160000000001;81.554730000000006
58;-19.367509999999999;81.583330000000004
59;-19.298710000000000;81.600110000000001
60;-19.623400000000000;81.617760000000004
61;-19.749839999999999;81.650170000000003
62;-19.900849999999998;81.666499999999999
63;-19.899500000000000;81.600160000000002
64;-19.925850000000001;81.574839999999995
65;-19.838740000000001;81.546559999999999
66;-20.671920000000000;81.375619999999998
67;-20.783010000000001;81.291330000000002
68;-20.967770000000002;81.261250000000004
69;-21.090669999999999;81.219189999999998
70;-21.433499999999999;81.183499999999995
71;-21.516500000000001;81.166499999999999
72;-21.635710000000000;81.149860000000004
73;-21.766279999999998;81.105170000000001
74;-22.020479999999999;81.049369999999996
75;-22.116499999999998;81.016499999999994
76;-22.400160000000000;80.966830000000002
77;-22.466500000000000;80.949830000000006
78;-22.550160000000002;80.933499999999995
79;-22.633170000000000;80.916499999999999
80;-22.816830000000000;80.900170000000003
81;-22.950460000000000;80.880640000000000
82;-22.949200000000001;80.818879999999993
83;-23.085120000000000;80.800169999999994
84;-23.171450000000000;80.844639999999998
85;-23.199839999999998;80.896129999999999
86;-23.033169999999998;80.916499999999999
87;-22.950160000000000;80.950170000000000
88;-22.833169999999999;80.966499999999996
89;-22.602070000000001;81.025729999999996
90;-22.515889999999999;81.084149999999994
91;-22.383170000000000;81.116500000000002
92;-22.270879999999998;81.145280000000000
93;-22.226289999999999;81.191689999999994
94;-22.099820000000001;81.232730000000004
95;-22.100519999999999;81.266810000000007
96;-21.770350000000001;81.289890000000000
97;-21.440190000000001;81.374499999999998
98;-21.360990000000001;81.456930000000000
99;-21.199839999999998;81.483170000000001
100;-21.166830000000001;81.501140000000007
101;-21.200730000000000;81.533720000000002
102;-21.119810000000001;81.572980000000001
103;-21.095720000000000;81.647189999999995
104;-21.016500000000001;81.666499999999999
105;-20.950160000000000;81.692239999999998
106;-21.004090000000001;81.718400000000003
107;-21.049840000000000;81.771389999999997
108;-20.955030000000001;81.841669999999993
109;-21.033840000000001;81.900090000000006
110;-21.032990000000002;81.941990000000004
111;-21.100339999999999;81.974670000000003
112;-21.099820000000001;82.000799999999998
113;-21.145900000000001;82.045079999999999
114;-21.754740000000002;82.074879999999993
115;-21.999839999999999;82.049830000000000
116;-22.800160000000002;82.033500000000004
117;-23.177540000000000;82.005970000000005
118;-23.270389999999999;81.982169999999996
119;-23.377669999999998;81.926910000000007
120;-23.349720000000001;81.900059999999996
121;-23.366830000000000;81.866829999999993
122;-23.391649999999998;81.815669999999997
123;-23.350549999999998;81.735889999999998
124;-24.227260000000001;81.695020000000000
125;-24.366499999999998;81.666499999999999
126;-24.455860000000001;81.649060000000006
127;-25.086600000000001;81.604969999999994
128;-25.349840000000000;81.566500000000005
129;-25.750160000000001;81.550169999999994
130;-25.849840000000000;81.533169999999998
131;-26.065329999999999;81.506829999999994
132;-26.183170000000000;81.466499999999996
133;-26.350180000000002;81.446089999999998
134;-26.650469999999999;81.452219999999997
135;-26.649529999999999;81.498030000000000
136;-26.366499999999998;81.516499999999994
137;-26.300160000000002;81.533500000000004
138;-26.199839999999998;81.549830000000000
139;-26.050160000000002;81.583500000000001
140;-25.866499999999998;81.599829999999997
141;-25.785760000000000;81.620530000000002
142;-25.272590000000001;81.656400000000005
143;-25.166830000000001;81.683499999999995
144;-24.915900000000001;81.702389999999994
145;-24.692460000000001;81.740499999999997
146;-24.566830000000000;81.783500000000004
147;-24.458890000000000;81.809809999999999
148;-24.416830000000001;81.840860000000006
149;-24.566830000000000;81.883170000000007
150;-24.583169999999999;81.896180000000001
151;-24.499839999999999;81.916499999999999
152;-24.483499999999999;81.928200000000004
153;-24.599540000000001;81.965860000000006
154;-24.625779999999999;81.993150000000000
155;-24.818020000000001;82.016649999999998
156;-26.150160000000000;82.033169999999998
157;-26.932490000000001;82.056650000000005
158;-27.399999999999999;82.047110000000004
159;-27.600000000000001;82.051190000000005
160;-27.666499999999999;82.049830000000000
161;-28.566830000000000;82.033500000000004
162;-28.733170000000001;82.016499999999994
163;-29.000160000000001;82.000169999999997
164;-29.173929999999999;81.974779999999996
165;-29.418410000000002;81.900790000000001
166;-29.449839999999998;81.933499999999995
167;-29.495590000000000;81.966499999999996
168;-30.083169999999999;81.933170000000004
169;-30.383500000000002;81.916830000000004
170;-30.549840000000000;81.899829999999994
171;-30.833500000000001;81.883499999999998
172;-31.033169999999998;81.866500000000002
173;-31.266829999999999;81.850170000000006
174;-31.681999999999999;81.817539999999994
175;-31.855660000000000;81.781970000000001
176;-32.105530000000002;81.747090000000000
177;-32.199840000000002;81.683170000000004
178;-32.366830000000000;81.666830000000004
179;-32.499839999999999;81.649829999999994
180;-32.583170000000003;81.642740000000003
181;-32.520670000000003;81.734930000000006
182;-32.716500000000003;81.782669999999996
183;-32.733170000000001;81.807969999999997
184;-32.410240000000002;81.836690000000004
185;-32.233499999999999;81.866829999999993
186;-31.782010000000000;81.913830000000004
187;-31.361960000000000;81.953400000000002
188;-30.966500000000000;81.983170000000001
189;-30.804259999999999;82.010840000000002
190;-30.416499999999999;82.033169999999998
191;-30.139779999999998;82.053359999999998
192;-29.916210000000000;82.086029999999994
193;-29.916850000000000;82.116829999999993
194;-29.737890000000000;82.138700000000000
195;-29.425000000000001;82.132310000000004
196;-29.260660000000001;82.135670000000005
197;-28.466830000000002;82.166830000000004
198;-27.585339999999999;82.186459999999997
199;-26.783500000000000;82.166499999999999
200;-25.966500000000000;82.150170000000003
201;-25.792149999999999;82.127880000000005
202;-25.183330000000002;82.140309999999999
203;-24.782489999999999;82.132130000000004
204;-24.039580000000001;82.155820000000006
205;-23.850159999999999;82.183499999999995
206;-23.716500000000000;82.199830000000006
207;-23.633500000000002;82.216830000000002
208;-23.174040000000002;82.266750000000002
209;-21.716500000000000;82.283169999999998
210;-21.673340000000000;82.284049999999993
211;-21.416830000000001;82.316829999999996
212;-21.266500000000001;82.333169999999996
213;-21.183499999999999;82.350170000000006
214;-21.049350000000000;82.376360000000005
215;-21.050760000000000;82.445599999999999
216;-20.666499999999999;82.466499999999996
217;-20.533500000000000;82.483500000000006
218;-20.399840000000001;82.499830000000003
219;-20.300160000000002;82.516829999999999
220;-20.013510000000000;82.550179999999997
221;-19.866240000000001;82.587919999999997
222;-19.866890000000001;82.619600000000005
223;-20.083500000000001;82.649829999999994
224;-20.166499999999999;82.666830000000004
225;-20.323129999999999;82.683850000000007
226;-20.516500000000001;82.716830000000002
227;-20.650160000000000;82.733170000000001
228;-20.799840000000000;82.766829999999999
229;-20.950330000000001;82.791330000000002
230;-21.099840000000000;82.816829999999996
231;-21.870120000000000;82.836179999999999
232;-22.137239999999998;82.881739999999994
233;-22.322050000000001;82.907539999999997
234;-22.725000000000001;82.899320000000003
235;-22.952100000000002;82.903949999999995
236;-23.149840000000001;82.925579999999997
237;-23.099409999999999;82.950029999999998
238;-23.166910000000001;82.971930000000000
239;-23.524999999999999;82.964630000000000
240;-23.675000000000001;82.967690000000005
241;-23.876090000000001;82.963579999999993
242;-24.273009999999999;82.895880000000005
243;-24.577880000000000;82.902100000000004
244;-24.616499999999998;82.927059999999997
245;-24.499839999999999;82.949830000000006
246;-24.407060000000001;82.968829999999997
247;-24.266829999999999;83.016829999999999
248;-24.167249999999999;83.049149999999997
249;-24.150160000000000;83.064790000000002
250;-24.333500000000001;83.116500000000002
251;-24.483170000000001;83.183499999999995
252;-24.588069999999998;83.224879999999999
253;-24.827230000000000;83.258269999999996
254;-25.605989999999998;83.227689999999996
255;-26.005659999999999;83.193659999999994
256;-26.416830000000001;83.166830000000004
257;-26.549840000000000;83.149829999999994
258;-28.283500000000000;83.133499999999998
259;-28.341799999999999;83.132310000000004
260;-28.570489999999999;83.155680000000004
261;-29.335190000000001;83.184489999999997
262;-29.533329999999999;83.180440000000004
263;-29.683170000000000;83.183499999999995
264;-30.539790000000000;83.199950000000001
265;-29.648160000000001;83.230059999999995
266;-28.949999999999999;83.215819999999994
267;-28.875000000000000;83.217349999999996
268;-28.833500000000001;83.216499999999996
269;-27.749839999999999;83.200170000000000
270;-27.716670000000001;83.199489999999997
271;-27.658329999999999;83.200680000000006
272;-27.616669999999999;83.199830000000006
273;-27.031220000000001;83.211780000000005
274;-26.612890000000000;83.242300000000000
275;-26.250160000000001;83.283500000000004
276;-25.972490000000001;83.301620000000000
277;-25.816830000000000;83.333500000000001
278;-25.716500000000000;83.349829999999997
279;-25.650160000000000;83.366829999999993
280;-25.568470000000001;83.386750000000006
281;-25.533500000000000;83.411299999999997
282;-25.966830000000002;83.449830000000006
283;-26.133170000000000;83.466830000000002
284;-26.491180000000000;83.490189999999998
285;-27.151430000000001;83.546409999999995
286;-27.766500000000001;83.566500000000005
287;-28.700460000000000;83.547439999999995
288;-28.699819999999999;83.516499999999994
289;-29.060400000000001;83.500169999999997
290;-29.233170000000001;83.550169999999994
291;-29.460120000000000;83.568669999999997
292;-29.811119999999999;83.561509999999998
293;-30.103970000000000;83.598939999999999
294;-30.283500000000000;83.616500000000002
295;-30.449839999999998;83.633499999999998
296;-30.670770000000001;83.653149999999997
297;-30.850000000000001;83.649490000000000
298;-31.293949999999999;83.658550000000005
299;-32.020850000000003;83.614879999999999
300;-32.274400000000000;83.647289999999998
301;-32.991259999999997;83.632660000000001
302;-33.299840000000003;83.650170000000003
303;-33.616500000000002;83.666499999999999
304;-34.618670000000002;83.646050000000002
305;-34.902650000000001;83.609750000000005
306;-35.767510000000001;83.627399999999994
307;-36.046439999999997;83.591750000000005
308;-36.373600000000003;83.622140000000002
309;-36.886670000000002;83.611670000000004
310;-37.333170000000003;83.583169999999996
311;-37.736080000000001;83.564380000000000
312;-37.816499999999998;83.527209999999997
313;-37.723799999999997;83.497129999999999
314;-37.290689999999998;83.458609999999993
315;-37.316830000000003;83.433499999999995
316;-37.333170000000003;83.416499999999999
317;-37.402439999999999;83.400170000000003
318;-37.546790000000001;83.449569999999994
319;-37.704050000000002;83.480270000000004
320;-38.272709999999996;83.503469999999993
321;-38.566499999999998;83.533500000000004
322;-38.755710000000001;83.549830000000000
323;-39.050420000000003;83.512159999999994
324;-39.049819999999997;83.482529999999997
325;-39.083500000000001;83.450170000000000
326;-39.106250000000003;83.426490000000001
327;-39.853549999999998;83.441739999999996
328;-39.916499999999999;83.424419999999998
329;-39.866500000000002;83.400170000000003
330;-39.833500000000001;83.376350000000002
331;-40.130350000000000;83.406689999999998
332;-40.470050000000001;83.399760000000001
333;-40.617089999999997;83.362080000000006
334;-40.616210000000002;83.319630000000004
335;-40.429920000000003;83.283270000000002
336;-40.683169999999997;83.275580000000005
337;-40.632520000000000;83.300139999999999
338;-41.116830000000000;83.316500000000005
339;-41.364190000000001;83.339479999999995
340;-41.571140000000000;83.315969999999993
341;-41.633170000000000;83.282190000000000
342;-41.599840000000000;83.250169999999997
343;-41.583500000000001;83.217860000000002
344;-42.383330000000001;83.234179999999995
345;-42.539340000000003;83.230999999999995
346;-42.599840000000000;83.199830000000006
347;-42.639049999999997;83.183499999999995
348;-42.899839999999998;83.216830000000002
349;-43.248309999999996;83.247820000000004
350;-44.009560000000000;83.232290000000006
351;-44.203380000000003;83.199230000000000
352;-44.666829999999997;83.166830000000004
353;-44.716500000000003;83.155130000000000
354;-44.646129999999999;83.132300000000001
355;-44.383170000000000;83.100170000000006
356;-44.366830000000000;83.085499999999996
357;-45.041670000000003;83.121769999999998
358;-45.459080000000000;83.113249999999994
359;-45.550480000000000;83.066170000000000
360;-45.624540000000003;83.067679999999996
361;-45.796790000000001;83.102959999999996
362;-46.190320000000000;83.094930000000005
363;-46.299840000000003;83.065950000000001
364;-46.140259999999998;83.014169999999993
365;-45.982280000000003;82.983329999999995
366;-46.073039999999999;82.966830000000002
367;-46.366500000000002;83.000169999999997
368;-46.637030000000003;83.026629999999997
369;-47.243679999999998;83.014240000000001
370;-47.430959999999999;82.950140000000005
371;-47.642960000000002;82.920550000000006
372;-47.683169999999997;82.899829999999994
373;-47.983780000000003;82.880219999999994
374;-47.982999999999997;82.842169999999996
375;-47.625830000000001;82.803359999999998
376;-47.546180000000000;82.776100000000000
377;-47.183270000000000;82.783500000000004
378;-46.732889999999998;82.763509999999997
379;-46.357819999999997;82.786040000000000
380;-46.075000000000003;82.780270000000002
381;-45.908329999999999;82.783670000000001
382;-45.825000000000003;82.781970000000001
383;-45.566670000000002;82.787239999999997
384;-45.366830000000000;82.783169999999998
385;-44.316499999999998;82.766829999999999
386;-44.290509999999998;82.766300000000001
387;-43.122100000000003;82.797680000000000
388;-42.382759999999998;82.763369999999995
389;-42.116830000000000;82.733170000000001
390;-41.916499999999999;82.716830000000002
391;-41.599379999999996;82.689830000000001
392;-41.314520000000002;82.653419999999997
393;-41.049840000000003;82.633499999999998
394;-40.963529999999999;82.603960000000001
395;-40.544400000000003;82.582359999999994
396;-40.566929999999999;82.516580000000005
397;-40.537649999999999;82.488450000000000
398;-40.799840000000003;82.508910000000000
399;-40.749839999999999;82.533169999999998
400;-40.716830000000002;82.562399999999997
401;-41.278430000000000;82.587389999999999
402;-41.571939999999998;82.617390000000000
403;-41.699840000000002;82.650170000000003
404;-42.022979999999997;82.695279999999997
405;-42.631689999999999;82.682860000000005
406;-42.801639999999999;82.711849999999998
407;-43.258479999999999;82.739789999999999
408;-43.750000000000000;82.729759999999999
409;-44.183329999999998;82.738609999999994
410;-44.866669999999999;82.724660000000000
411;-45.858330000000002;82.744900000000001
412;-46.518990000000002;82.731420000000000
413;-46.549840000000003;82.664990000000003
414;-46.219679999999997;82.614779999999996
415;-45.843930000000000;82.578029999999998
416;-45.809489999999997;82.542190000000005
417;-45.512070000000001;82.496960000000001
418;-45.316220000000001;82.463549999999998
419;-45.316839999999999;82.433170000000004
420;-45.252940000000002;82.402169999999998
421;-44.999839999999999;82.366829999999993
422;-44.900160000000000;82.349829999999997
423;-44.649839999999998;82.316829999999996
424;-44.516829999999999;82.299180000000007
425;-44.617170000000002;82.250500000000002
426;-44.597880000000004;82.213049999999996
427;-45.000419999999998;82.221270000000004
428;-44.999659999999999;82.258330000000001
429;-45.000349999999997;82.292330000000007
430;-45.070700000000002;82.326459999999997
431;-45.343559999999997;82.350729999999999
432;-45.417459999999998;82.400810000000007
433;-45.550159999999998;82.433170000000004
434;-45.680329999999998;82.466530000000006
435;-45.981450000000002;82.499240000000000
436;-46.099840000000000;82.533500000000004
437;-46.225760000000001;82.554000000000002
438;-46.583500000000001;82.583169999999996
439;-46.873449999999998;82.616100000000003
440;-47.487740000000002;82.633170000000007
441;-47.683169999999997;82.599829999999997
442;-48.480730000000001;82.580299999999994
443;-48.533169999999998;82.543970000000002
444;-48.366500000000002;82.516829999999999
445;-48.300159999999998;82.499830000000003
446;-48.219510000000000;82.480170000000001
447;-48.150160000000000;82.433170000000004
448;-48.024670000000000;82.408670000000001
449;-47.872750000000003;82.356669999999994
450;-47.819279999999999;82.301019999999994
451;-47.777630000000002;82.280820000000006
452;-47.466500000000003;82.233500000000006
453;-47.357030000000002;82.205439999999996
454;-46.859580000000001;82.135999999999996
455;-46.539140000000003;82.101179999999999
456;-46.433500000000002;82.083169999999996
457;-46.192200000000000;82.059569999999994
458;-46.120510000000003;81.984949999999998
459;-46.060209999999998;81.955699999999993
460;-45.818980000000003;81.902739999999994
461;-45.783830000000002;81.866169999999997
462;-45.636170000000000;81.830169999999995
463;-45.566830000000003;81.783169999999998
464;-45.533169999999998;81.766829999999999
465;-45.500160000000001;81.749830000000003
466;-45.399839999999998;81.733500000000006
467;-45.282020000000003;81.713409999999996
468;-45.166829999999997;81.682190000000006
469;-45.205010000000001;81.645510000000002
470;-45.555309999999999;81.652659999999997
471;-45.766500000000001;81.700170000000000
472;-46.026899999999998;81.739769999999993
473;-46.366500000000002;81.800169999999994
474;-46.825150000000001;81.823800000000006
475;-46.874670000000002;81.875330000000005
476;-46.907570000000000;81.906940000000006
477;-47.093069999999997;81.952169999999995
478;-47.283499999999997;81.983170000000001
479;-47.488230000000001;82.025099999999995
480;-47.816830000000003;82.049830000000000
481;-47.983170000000001;82.066829999999996
482;-48.300159999999998;82.083169999999996
483;-48.483840000000001;82.100229999999996
484;-48.482880000000002;82.147409999999994
485;-48.600160000000002;82.166499999999999
486;-48.666499999999999;82.183499999999995
487;-48.767000000000003;82.207999999999998
488;-48.816499999999998;82.233500000000006
489;-48.891469999999998;82.257829999999998
490;-49.355310000000003;82.248360000000005
491;-49.515799999999999;82.268870000000007
492;-49.627780000000001;82.359279999999998
493;-49.878570000000003;82.408230000000003
494;-50.133499999999998;82.433170000000004
495;-50.299840000000003;82.450170000000000
496;-50.981760000000001;82.469250000000002
497;-51.200000000000003;82.464799999999997
498;-51.433329999999998;82.469560000000001
499;-51.677259999999997;82.464579999999998
500;-51.816389999999998;82.428920000000005
501;-51.883170000000000;82.381730000000005
502;-51.672789999999999;82.313469999999995
503;-51.700170000000000;82.233480000000000
504;-51.699500000000000;82.200479999999999
505;-51.721299999999999;82.158169999999998
506;-51.616500000000002;82.116829999999993
507;-51.552030000000002;82.083619999999996
508;-51.483170000000001;82.066829999999996
509;-51.416829999999997;82.049830000000000
510;-51.269210000000001;82.013840000000002
511;-51.008670000000002;81.924670000000006
512;-50.883170000000000;81.900170000000003
513;-50.816830000000003;81.885319999999993
514;-51.105800000000002;81.847229999999996
515;-51.266669999999998;81.850510000000000
516;-51.563360000000003;81.844449999999995
517;-51.716500000000003;81.866829999999993
518;-52.018039999999999;81.883170000000007
519;-52.133170000000000;81.854439999999997
520;-51.959690000000002;81.805509999999998
521;-51.933500000000002;81.791309999999996
522;-52.133170000000000;81.816829999999996
523;-52.322299999999998;81.839939999999999
524;-52.783499999999997;81.866500000000002
525;-52.972050000000003;81.887919999999994
526;-52.991669999999999;81.908330000000007
527;-52.334800000000001;81.883499999999998
528;-52.100189999999998;81.915890000000005
529;-52.099649999999997;81.941999999999993
530;-52.217100000000002;81.970630000000000
531;-52.216230000000003;82.013099999999994
532;-52.647770000000001;82.065830000000005
533;-52.683500000000002;82.083169999999996
534;-52.716500000000003;82.100170000000006
535;-53.176519999999996;82.122690000000006
536;-53.268059999999998;82.167090000000002
537;-53.314880000000002;82.215829999999997
538;-53.505989999999997;82.281239999999997
539;-53.999720000000003;82.291319999999999
540;-54.100160000000002;82.266829999999999
541;-54.166499999999999;82.249830000000003
542;-54.299810000000001;82.217330000000004
543;-54.300939999999997;82.162220000000005
544;-54.219169999999998;82.106780000000001
545;-54.121920000000003;82.073499999999996
546;-53.766829999999999;82.033169999999998
547;-53.444760000000002;82.001670000000004
548;-53.250160000000001;81.969989999999996
549;-53.274340000000002;81.940150000000003
550;-53.516829999999999;81.966499999999996
551;-53.810290000000002;81.999830000000003
552;-53.949840000000002;81.936930000000004
553;-53.933500000000002;81.916499999999999
554;-53.876100000000001;81.861350000000002
555;-53.933500000000002;81.833500000000001
556;-53.932839999999999;81.800839999999994
557;-54.058000000000000;81.757999999999996
558;-54.233499999999999;81.733500000000006
559;-54.316499999999998;81.716499999999996
560;-54.457120000000003;81.693610000000007
561;-54.498649999999998;81.650390000000002
562;-54.717460000000003;81.618409999999997
563;-54.750419999999998;81.650080000000003
564;-54.697180000000003;81.667360000000002
565;-54.570560000000000;81.732590000000002
566;-54.435510000000001;81.765510000000006
567;-54.382959999999997;81.799970000000002
568;-54.400210000000001;81.816550000000007
569;-54.383110000000002;81.916799999999995
570;-54.449840000000002;81.960539999999995
571;-54.416829999999997;82.016829999999999
572;-54.382829999999998;82.049509999999998
573;-54.400280000000002;82.083389999999994
574;-54.366830000000000;82.115530000000007
575;-54.416499999999999;82.133499999999998
576;-54.600160000000002;82.183170000000004
577;-54.696109999999997;82.232590000000002
578;-54.771380000000001;82.250940000000000
579;-54.888089999999998;82.290890000000005
580;-55.260289999999998;82.333169999999996
581;-55.828840000000000;82.304429999999996
582;-56.127009999999999;82.268000000000001
583;-56.200159999999997;82.250169999999997
584;-56.218750000000000;82.230819999999994
585;-56.800970000000000;82.242710000000002
586;-56.933500000000002;82.216830000000002
587;-57.028610000000000;82.197350000000000
588;-57.482469999999999;82.206620000000001
589;-57.849840000000000;82.183170000000004
590;-58.266829999999999;82.166830000000004
591;-58.483170000000001;82.149829999999994
592;-58.816830000000003;82.133499999999998
593;-58.983170000000001;82.116500000000002
594;-59.556399999999996;82.086960000000005
595;-59.725830000000002;82.065309999999997
596;-60.142220000000002;82.028279999999995
597;-60.356980000000000;82.036730000000006
598;-60.530329999999999;82.040809999999993
599;-60.795600000000000;82.068929999999995
600;-60.913980000000002;82.090990000000005
601;-61.180889999999998;82.140870000000007
602;-61.280769999999997;82.162059999999997
603;-61.362540000000003;82.187079999999995
604;-61.356670000000001;82.198329999999999
605;-61.187910000000002;82.245930000000001
606;-61.166499999999999;82.266499999999994
607;-61.150160000000000;82.283500000000004
608;-61.116830000000000;82.315529999999995
609;-61.225549999999998;82.374740000000003
610;-61.426920000000003;82.443669999999997
611;-61.830509999999997;82.468360000000004
612;-62.361289999999997;82.507080000000002
613;-63.125480000000003;82.491489999999999
614;-63.163089999999997;82.530630000000002
615;-63.224060000000001;82.571960000000004
616;-63.368409999999997;82.600139999999996
617;-63.445830000000001;82.640020000000007
618;-63.727870000000003;82.695080000000004
619;-63.750459999999997;82.716780000000000
620;-63.519379999999998;82.761889999999994
621;-63.491970000000002;82.815100000000001
622;-63.695590000000003;82.849829999999997
623;-64.103170000000006;82.833380000000005
624;-64.427509999999998;82.778059999999996
625;-64.700159999999997;82.804720000000003
626;-64.783770000000004;82.866699999999994
627;-64.733500000000006;82.891090000000005
628;-64.863780000000006;82.914900000000003
629;-65.216830000000002;82.883499999999998
630;-65.280090000000001;82.850920000000002
631;-65.483329999999995;82.846770000000006
632;-65.727850000000004;82.851759999999999
633;-66.316829999999996;82.800169999999994
634;-66.449839999999995;82.783169999999998
635;-66.650160000000000;82.766829999999999
636;-66.906840000000003;82.734030000000004
637;-67.177009999999996;82.709999999999994
638;-67.366829999999993;82.683499999999995
639;-67.532229999999998;82.659329999999997
640;-68.064089999999993;82.670190000000005
641;-68.399839999999998;82.638999999999996
642;-68.339799999999997;82.680059999999997
643;-67.901060000000001;82.706900000000005
644;-67.463830000000002;82.756559999999993
645;-67.083169999999996;82.783169999999998
646;-66.966830000000002;82.800169999999994
647;-66.799840000000003;82.816500000000005
648;-66.710300000000004;82.839439999999996
649;-66.467039999999997;82.873400000000004
650;-66.466189999999997;82.914890000000000
651;-66.769729999999996;82.943089999999998
652;-67.174999999999997;82.951359999999994
653;-67.362039999999993;82.947540000000004
654;-68.116829999999993;82.966499999999996
655;-68.275459999999995;82.998990000000006
656;-68.649630000000002;83.006630000000001
657;-68.862870000000001;82.979370000000003
658;-69.086510000000004;83.020510000000002
659;-69.558729999999997;83.010880000000000
660;-69.716849999999994;83.049419999999998
661;-69.715840000000000;83.098789999999994
662;-70.553489999999996;83.115889999999993
663;-71.165850000000006;83.073080000000004
664;-71.483170000000001;83.042050000000003
665;-71.450159999999997;83.016499999999994
666;-71.385829999999999;82.995620000000002
667;-71.305049999999994;82.942660000000004
668;-71.627009999999999;82.981999999999999
669;-71.728120000000004;83.006649999999993
670;-71.650160000000000;83.081540000000004
671;-71.799629999999993;83.099480000000000
672;-71.859210000000004;83.100700000000003
673;-72.836429999999993;83.079890000000006
674;-72.983170000000001;83.049830000000000
675;-73.183670000000006;83.025329999999997
676;-73.383170000000007;82.999830000000003
677;-73.633170000000007;82.977599999999995
678;-73.600160000000002;82.949830000000006
679;-73.533159999999995;82.900160000000000
680;-73.533779999999993;82.869550000000004
681;-73.250209999999996;82.818590000000000
682;-73.249499999999998;82.783500000000004
683;-73.416830000000004;82.799830000000000
684;-73.504360000000005;82.817760000000007
685;-73.783810000000003;82.851910000000004
686;-73.782830000000004;82.899659999999997
687;-73.849840000000000;82.916830000000004
688;-73.916830000000004;82.933170000000004
689;-73.983170000000001;82.950170000000000
690;-74.140360000000001;82.972110000000001
691;-74.249840000000006;83.000169999999997
692;-74.383170000000007;83.032669999999996
693;-74.366829999999993;83.050169999999994
694;-74.333500000000001;83.082189999999997
695;-74.553910000000002;83.099829999999997
696;-74.892150000000001;83.073890000000006
697;-75.105649999999997;83.037469999999999
698;-75.393479999999997;83.031599999999997
699;-76.037620000000004;83.056889999999996
700;-76.516670000000005;83.047110000000004
701;-76.967299999999994;83.056309999999996
702;-77.351140000000001;83.031260000000003
703;-77.412040000000005;82.972750000000005
704;-77.258669999999995;82.941329999999994
705;-76.803920000000005;82.900890000000004
706;-76.644170000000003;82.855829999999997
707;-76.567160000000001;82.816170000000000
708;-76.266829999999999;82.774240000000006
709;-76.283169999999998;82.766499999999994
710;-76.366500000000002;82.739459999999994
711;-76.294730000000001;82.706280000000007
712;-75.971310000000003;82.664940000000001
713;-75.550160000000005;82.623750000000001
714;-75.635559999999998;82.585840000000005
715;-75.885880000000000;82.580730000000003
716;-76.058809999999994;82.610230000000001
717;-76.630409999999998;82.675690000000003
718;-76.820859999999996;82.747760000000000
719;-76.945250000000001;82.772049999999993
720;-77.095129999999997;82.849260000000001
721;-77.604470000000006;82.907120000000006
722;-78.083500000000001;82.933170000000004
723;-78.180880000000002;82.966499999999996
724;-78.416830000000004;82.950170000000000
725;-78.569090000000003;82.932869999999994
726;-78.755529999999993;82.936679999999996
727;-79.048890000000000;82.903360000000006
728;-79.287629999999993;82.964540000000000
729;-79.459990000000005;82.968059999999994
730;-79.995130000000003;82.947100000000006
731;-80.150170000000003;82.916830000000004
732;-80.149829999999994;82.899829999999994
733;-80.316500000000005;82.867300000000000
734;-80.283500000000004;82.849829999999997
735;-79.933499999999995;82.815600000000003
736;-80.109129999999993;82.750760000000000
737;-80.438680000000005;82.798919999999995
738;-81.300160000000005;82.816500000000005
739;-81.300160000000005;82.774590000000003
740;-81.249840000000006;82.750169999999997
741;-81.090180000000004;82.667919999999995
742;-80.848159999999993;82.616479999999996
743;-80.783500000000004;82.583169999999996
744;-80.650160000000000;82.545559999999995
745;-80.765289999999993;82.516829999999999
746;-81.050160000000005;82.566500000000005
747;-81.133170000000007;82.600170000000006
748;-81.250159999999994;82.616500000000002
749;-81.359160000000003;82.635090000000005
750;-82.092740000000006;82.674509999999998
751;-82.366500000000002;82.644769999999994
752;-82.349770000000007;82.615809999999996
753;-82.283169999999998;82.583500000000001
754;-82.250159999999994;82.566500000000005
755;-82.066829999999996;82.514790000000005
756;-82.183170000000004;82.499830000000003
757;-82.484589999999997;82.483440000000002
758;-82.554469999999995;82.447450000000003
759;-82.733170000000001;82.389460000000000
760;-82.716830000000002;82.366500000000002
761;-82.666499999999999;82.350170000000006
762;-82.591999999999999;82.324669999999998
763;-82.366500000000002;82.300169999999994
764;-82.250159999999994;82.283169999999998
765;-82.049840000000003;82.266829999999999
766;-81.950159999999997;82.249830000000003
767;-81.849840000000000;82.233500000000006
768;-81.661249999999995;82.201329999999999
769;-81.324520000000007;82.166920000000005
770;-80.998230000000007;82.149169999999998
771;-80.958579999999998;82.107910000000004
772;-80.679990000000004;82.056659999999994
773;-80.450159999999997;82.033169999999998
774;-79.900239999999997;82.003259999999997
775;-79.899500000000003;81.967190000000002
776;-79.973770000000002;81.965670000000003
777;-80.183170000000004;81.983500000000006
778;-80.660600000000002;82.009469999999993
779;-80.966830000000002;82.049830000000000
780;-81.299719999999994;82.094719999999995
781;-81.566829999999996;82.116500000000002
782;-81.699839999999995;82.133499999999998
783;-82.037160000000000;82.172740000000005
784;-82.263919999999999;82.223749999999995
785;-82.607100000000003;82.282290000000003
786;-82.957449999999994;82.289439999999999
787;-83.062870000000004;82.263739999999999
788;-83.018240000000006;82.217280000000002
789;-82.943640000000002;82.198160000000001
790;-82.670929999999998;82.144919999999999
791;-82.707539999999995;82.109759999999994
792;-82.583500000000001;82.079520000000002
793;-82.883849999999995;82.083169999999996
794;-82.853269999999995;82.112539999999996
795;-82.919479999999993;82.134029999999996
796;-83.013900000000007;82.182670000000002
797;-83.116500000000002;82.200170000000000
798;-83.218270000000004;82.216729999999998
799;-83.327820000000003;82.273169999999993
800;-83.492559999999997;82.315389999999994
801;-83.726550000000003;82.349580000000003
802;-84.433949999999996;82.367350000000002
803;-84.731340000000003;82.415760000000006
804;-84.829329999999999;82.449299999999994
805;-85.094290000000001;82.483170000000001
806;-85.401079999999993;82.463579999999993
807;-85.578140000000005;82.413640000000001
808;-85.477230000000006;82.308620000000005
809;-85.383499999999998;82.278199999999998
810;-85.639790000000005;82.238470000000007
811;-86.767629999999997;82.215459999999993
812;-86.866479999999996;82.167500000000004
813;-86.867109999999997;82.136449999999996
814;-86.691730000000007;82.106530000000006
815;-86.033169999999998;82.083500000000001
816;-85.778250000000000;82.050920000000005
817;-85.500159999999994;82.033169999999998
818;-84.716830000000002;81.997110000000006
819;-84.736680000000007;81.980170000000001
820;-84.950000000000003;81.984520000000003
821;-85.090289999999996;81.981660000000005
822;-85.451989999999995;82.002179999999996
823;-85.700159999999997;81.983500000000006
824;-85.720730000000003;81.962100000000007
825;-85.850160000000002;81.983170000000001
826;-85.933170000000004;82.000169999999997
827;-86.083500000000001;82.016499999999994
828;-86.308329999999998;82.045240000000007
829;-86.695899999999995;82.053150000000002
830;-86.967089999999999;82.029030000000006
831;-86.966189999999997;81.985270000000000
832;-87.166880000000006;81.964759999999998
833;-87.166160000000005;81.999600000000001
834;-87.357050000000001;82.064940000000007
835;-87.666669999999996;82.071259999999995
836;-88.125000000000000;82.061899999999994
837;-88.446420000000003;82.068460000000002
838;-88.732339999999994;82.040499999999994
839;-89.023799999999994;82.008830000000003
840;-89.050160000000005;81.983500000000006
841;-89.093599999999995;81.917259999999999
842;-89.246260000000007;81.898610000000005
843;-89.375550000000004;81.846159999999998
844;-89.583500000000001;81.866500000000002
845;-89.679659999999998;81.899420000000006
846;-89.775000000000006;81.901359999999997
847;-89.862920000000003;81.899569999999997
848;-90.219049999999996;81.923820000000006
849;-90.383170000000007;81.899829999999994
850;-90.500159999999994;81.883499999999998
851;-90.649839999999998;81.849829999999997
852;-91.027559999999994;81.833020000000005
853;-91.199839999999995;81.783169999999998
854;-91.558310000000006;81.762529999999998
855;-91.834450000000004;81.678120000000007
856;-91.883110000000002;81.535950000000000
857;-91.883809999999997;81.501880000000000
858;-91.880849999999995;81.455359999999999
859;-91.937470000000005;81.415329999999997
860;-92.001260000000002;81.385040000000004
861;-92.150810000000007;81.318140000000000
862;-92.321929999999995;81.280439999999999
863;-92.533169999999998;81.283500000000004
864;-92.769810000000007;81.302790000000002
865;-93.045590000000004;81.349829999999997
866;-93.366829999999993;81.333500000000001
867;-93.395960000000002;81.303179999999998
868;-93.750330000000005;81.348479999999995
869;-94.159639999999996;81.356830000000002
870;-94.396479999999997;81.286400000000000
871;-94.433170000000004;81.251140000000007
872;-94.366829999999993;81.233170000000001
873;-94.133170000000007;81.216830000000002
874;-93.777310000000000;81.183779999999999
875;-93.488360000000000;81.233059999999995
876;-93.356409999999997;81.235749999999996
877;-93.300160000000005;81.216499999999996
878;-93.066829999999996;81.153400000000005
879;-93.174149999999997;81.084140000000005
880;-93.516790000000000;81.060810000000004
881;-93.795109999999994;81.108279999999993
882;-94.216499999999996;81.082499999999996
883;-94.200159999999997;81.066500000000005
884;-94.050160000000005;81.042079999999999
885;-94.066500000000005;81.033169999999998
886;-94.283500000000004;81.016829999999999
887;-94.400090000000006;80.999799999999993
888;-94.448049999999995;81.024500000000003
889;-94.902479999999997;81.057659999999998
890;-95.171390000000002;81.024799999999999
891;-95.383170000000007;80.933170000000004
892;-95.483170000000001;80.900720000000007
893;-95.450159999999997;80.883170000000007
894;-95.399420000000006;80.866699999999994
895;-95.483170000000001;80.826070000000001
896;-95.440079999999995;80.800820000000002
897;-95.013930000000002;80.782679999999999
898;-94.929739999999995;80.739310000000003
899;-94.483500000000006;80.715040000000002
900;-94.499840000000006;80.699830000000006
901;-94.649839999999998;80.670550000000006
902;-94.521490000000000;80.600949999999997
903;-94.450000000000003;80.599490000000003
904;-94.320939999999993;80.602119999999999
905;-93.950159999999997;80.579440000000005
906;-93.966499999999996;80.549819999999997
907;-94.417050000000003;80.567509999999999
908;-94.736559999999997;80.560990000000004
909;-94.983660000000000;80.609229999999997
910;-94.982500000000002;80.666150000000002
911;-95.080719999999999;80.699780000000004
912;-95.241669999999999;80.703059999999994
913;-95.508330000000001;80.697620000000001
914;-95.794250000000005;80.703450000000004
915;-95.933170000000004;80.680840000000003
916;-95.883499999999998;80.666499999999999
917;-95.467110000000005;80.647090000000006
918;-95.465840000000000;80.584750000000000
919;-95.850160000000002;80.566829999999996
920;-95.866500000000002;80.516499999999994
921;-95.901120000000006;80.499700000000004
922;-95.799840000000003;80.466830000000002
923;-95.750159999999994;80.449830000000006
924;-95.533500000000004;80.385400000000004
925;-95.549840000000003;80.383170000000007
926;-96.200159999999997;80.366829999999993
927;-96.316500000000005;80.349829999999997
928;-96.483170000000001;80.329470000000001
929;-96.461389999999994;80.289969999999997
930;-96.361949999999993;80.265730000000005
931;-96.232270000000000;80.221329999999995
932;-95.739970000000000;80.197239999999994
933;-95.586250000000007;80.144620000000003
934;-95.213989999999995;80.110039999999998
935;-94.875420000000005;80.133709999999994
936;-94.487740000000002;80.199830000000006
937;-94.452910000000003;80.173050000000003
938;-94.661010000000005;80.144000000000005
939;-94.815439999999995;80.113849999999999
940;-94.750159999999994;80.051140000000004
941;-95.110709999999997;80.031679999999994
942;-95.846770000000006;80.050169999999994
943;-96.116829999999993;80.083169999999996
944;-96.262659999999997;80.133080000000007
945;-96.627170000000007;80.140519999999995
946;-96.733170000000001;80.106120000000004
947;-96.706419999999994;80.068529999999996
948;-96.599480000000000;80.033829999999995
949;-96.600499999999997;79.983729999999994
950;-96.492000000000004;79.946590000000000
951;-96.237520000000004;79.951790000000003
952;-96.183499999999995;79.925579999999997
953;-96.225290000000001;79.902349999999998
954;-96.566500000000005;79.881479999999996
955;-98.993129999999994;80.098770000000002
956;-99.740039999999993;80.147160000000000
957;-99.966239999999999;80.051389999999998
958;-100.121200000000000;79.900260000000003
959;-100.669529999999990;79.748660000000001
960;-101.335870000000000;79.565169999999995
961;-101.729699999999990;79.501819999999995
962;-102.399530000000000;79.412880000000001
963;-102.887600000000010;79.357640000000004
964;-103.366500000000000;79.300169999999994
965;-103.820210000000000;79.356480000000005
966;-104.559299999999990;79.320549999999997
967;-105.350160000000000;79.300169999999994
968;-105.383170000000010;79.283169999999998
969;-105.514160000000000;79.219610000000003
970;-105.541330000000000;79.191329999999994
971;-105.599840000000000;79.135130000000004
972;-105.528160000000000;79.053380000000004
973;-105.255280000000000;79.022390000000001
974;-105.939880000000000;78.922100000000000
975;-106.356140000000000;78.831919999999997
976;-107.504160000000000;78.777469999999994
977;-108.064660000000000;78.714879999999994
978;-108.708070000000010;78.671750000000003
979;-109.716470000000000;78.597160000000002
980;-109.818950000000000;78.613740000000007
981;-109.987080000000010;78.681939999999997
982;-110.133500000000000;78.699830000000006
983;-110.323770000000000;78.732290000000006
984;-110.646700000000000;78.738879999999995
985;-110.858000000000000;78.707999999999998
986;-111.064539999999990;78.679169999999999
987;-111.217000000000000;78.641999999999996
988;-111.378690000000010;78.600560000000002
989;-111.483500000000010;78.583500000000001
990;-111.569390000000000;78.554100000000005
991;-111.733170000000000;78.533169999999998
992;-112.289930000000000;78.516130000000004
993;-112.483170000000000;78.483170000000001
994;-112.803150000000000;78.460800000000006
995;-113.006120000000000;78.411320000000003
996;-113.049499999999990;78.366169999999997
997;-113.099830000000000;78.317809999999994
998;-113.528809999999990;78.225690000000000
999;-114.163040000000000;78.103939999999994
1,000;-114.528760000000010;78.016350000000003
1,001;-114.795920000000000;77.929130000000001
1,002;-115.546770000000000;77.704310000000007
1,003;-116.416830000000000;77.582189999999997
1,004;-116.550169999999990;77.566829999999996
1,005;-116.549830000000000;77.549840000000003
1,006;-116.700170000000000;77.516829999999999
1,007;-116.749830000000000;77.499830000000003
1,008;-116.949820000000000;77.467280000000002
1,009;-116.950500000000010;77.433729999999997
1,010;-116.900170000000000;77.416499999999999
1,011;-116.650170000000000;77.399029999999996
1,012;-116.699270000000000;77.350629999999995
1,013;-116.733170000000000;77.333169999999996
1,014;-116.933500000000000;77.316829999999996
1,015;-117.063570000000000;77.283500000000004
1,016;-117.233500000000010;77.299830000000000
1,017;-117.333170000000000;77.316829999999996
1,018;-117.650170000000000;77.333169999999996
1,019;-117.783170000000000;77.350170000000006
1,020;-117.966830000000000;77.366500000000002
1,021;-118.129580000000000;77.399829999999994
1,022;-118.167360000000000;77.383269999999996
1,023;-118.066830000000000;77.363640000000004
1,024;-118.249160000000000;77.344710000000006
1,025;-118.754970000000000;77.355029999999999
1,026;-118.883170000000010;77.333169999999996
1,027;-119.168899999999990;77.309870000000004
1,028;-119.275330000000000;77.275329999999997
1,029;-119.313090000000000;77.236040000000003
1,030;-119.380830000000000;77.190119999999993
1,031;-119.590410000000010;77.118380000000002
1,032;-119.794330000000000;77.068669999999997
1,033;-119.967170000000000;77.000500000000002
1,034;-120.068479999999990;76.948310000000006
1,035;-120.266220000000000;76.884140000000002
1,036;-120.296620000000000;76.852500000000006
1,037;-120.419670000000000;76.789109999999994
1,038;-120.633170000000010;76.749830000000003
1,039;-120.750170000000000;76.733500000000006
1,040;-120.897360000000010;76.690899999999999
1,041;-121.016499999999990;76.666499999999999
1,042;-121.151450000000000;76.650009999999995
1,043;-121.216500000000000;76.616500000000002
1,044;-121.313220000000000;76.569580000000002
1,045;-121.447350000000000;76.467799999999997
1,046;-121.544220000000000;76.434640000000002
1,047;-121.724999999999990;76.430949999999996
1,048;-121.996110000000000;76.436490000000006
1,049;-122.116829999999990;76.416830000000004
1,050;-122.246709999999990;76.383550000000000
1,051;-122.495340000000000;76.353170000000006
1,052;-122.567610000000000;76.299589999999995
1,053;-122.599830000000000;76.233170000000001
1,054;-122.617070000000000;76.216600000000000
1,055;-122.443770000000000;76.143029999999996
1,056;-122.414820000000010;76.115219999999994
1,057;-122.417310000000000;75.993600000000001
1,058;-122.427539999999990;75.930599999999998
1,059;-122.572160000000000;75.809539999999998
1,060;-122.340040000000000;75.636189999999999
1,061;-122.218570000000000;75.435440000000000
1,062;-122.063730000000010;75.334080000000000
1,063;-121.830910000000000;75.061250000000001
1,064;-121.700120000000000;74.849810000000005
1,065;-121.625950000000000;74.745459999999994
1,066;-121.583990000000000;74.683909999999997
1,067;-121.572710000000000;74.625000000000000
1,068;-121.660270000000000;74.553780000000003
1,069;-121.899829999999990;74.516499999999994
1,070;-122.066830000000000;74.500169999999997
1,071;-122.183170000000000;74.483170000000001
1,072;-122.583500000000000;74.466830000000002
1,073;-122.740830000000000;74.448960000000000
1,074;-123.077430000000010;74.455830000000006
1,075;-123.623859999999990;74.415959999999998
1,076;-123.673460000000010;74.416970000000006
1,077;-124.211580000000000;74.390630000000002
1,078;-124.507790000000000;74.332809999999995
1,079;-124.483290000000000;74.232309999999998
1,080;-124.434169999999990;74.185109999999995
1,081;-124.416490000000000;74.133480000000006
1,082;-124.417320000000000;74.092889999999997
1,083;-124.168670000000010;73.951920000000001
1,084;-124.068990000000000;73.871449999999996
1,085;-123.859590000000000;73.842219999999998
1,086;-123.783500000000000;73.769109999999998
1,087;-123.816500000000000;73.733170000000001
1,088;-123.872519999999990;73.696439999999996
1,089;-124.064359999999990;73.550870000000003
1,090;-124.100170000000010;73.533500000000004
1,091;-124.133170000000010;73.516499999999994
1,092;-124.248160000000000;73.494050000000001
1,093;-124.350170000000010;73.433499999999995
1,094;-124.416500000000000;73.383170000000007
1,095;-124.481080000000010;73.351830000000007
1,096;-124.500170000000000;73.333500000000001
1,097;-124.557850000000000;73.245519999999999
1,098;-124.666390000000010;73.171940000000006
1,099;-124.883170000000010;73.101600000000005
1,100;-124.861819999999990;73.033929999999998
1,101;-124.529770000000000;73.012259999999998
1,102;-124.450170000000000;72.935779999999994
1,103;-124.516499999999990;72.916499999999999
1,104;-124.752740000000000;72.890829999999994
1,105;-124.983090000000000;72.853330000000000
1,106;-124.983510000000000;72.833179999999999
1,107;-124.950170000000000;72.735780000000005
1,108;-124.966500000000000;72.683170000000004
1,109;-124.987880000000000;72.641670000000005
1,110;-124.950170000000000;72.568460000000002
1,111;-125.113650000000010;72.504589999999993
1,112;-125.200170000000000;72.483500000000006
1,113;-125.233170000000000;72.466499999999996
1,114;-125.266830000000000;72.450170000000000
1,115;-125.299830000000000;72.433170000000004
1,116;-125.372960000000010;72.409440000000004
1,117;-125.529929999999990;72.271349999999998
1,118;-125.650679999999990;72.241910000000004
1,119;-125.649829999999990;72.199839999999995
1,120;-125.740810000000000;72.140190000000004
1,121;-125.681290000000000;72.083010000000002
1,122;-125.799830000000000;71.969110000000001
1,123;-125.715560000000000;71.962440000000001
1,124;-126.072480000000000;71.782330000000002
1,125;-126.448500000000000;71.430459999999997
1,126;-127.177790000000000;71.044899999999998
1,127;-127.443280000000000;70.806290000000004
1,128;-127.935700000000000;70.568150000000003
1,129;-128.020050000000000;70.566429999999997
1,130;-128.171510000000010;70.527609999999996
1,131;-128.216500000000000;70.432190000000006
1,132;-128.181080000000010;70.398169999999993
1,133;-128.083149999999990;70.350650000000002
1,134;-128.084460000000010;70.286609999999996
1,135;-127.914440000000000;70.253420000000006
1,136;-127.648790000000010;70.233419999999995
1,137;-127.769540000000010;70.203990000000005
1,138;-128.083499999999990;70.183499999999995
1,139;-128.134150000000010;70.149169999999998
1,140;-128.310550000000010;70.152770000000004
1,141;-128.417499999999990;70.116159999999994
1,142;-128.416460000000000;70.064830000000001
1,143;-128.318919999999990;69.971119999999999
1,144;-128.389659999999990;69.948170000000005
1,145;-128.571079999999990;69.912750000000003
1,146;-128.716500000000000;69.849829999999997
1,147;-128.784349999999990;69.833290000000005
1,148;-128.848230000000000;69.766810000000007
1,149;-128.984330000000000;69.740240000000000
1,150;-128.983070000000000;69.678740000000005
1,151;-129.230369999999990;69.683779999999999
1,152;-129.249830000000000;69.783500000000004
1,153;-129.267349999999990;69.817499999999995
1,154;-129.343330000000010;69.815950000000001
1,155;-129.599830000000000;69.783169999999998
1,156;-129.733499999999990;69.766829999999999
1,157;-129.833170000000000;69.749830000000003
1,158;-130.000170000000000;69.733500000000006
1,159;-130.083170000000000;69.699830000000006
1,160;-130.308300000000000;69.679810000000003
1,161;-130.412260000000000;69.626260000000002
1,162;-130.433480000000000;69.582520000000002
1,163;-130.500170000000000;69.550169999999994
1,164;-130.584790000000000;69.481849999999994
1,165;-130.623240000000010;69.402609999999996
1,166;-130.758670000000000;69.358670000000004
1,167;-130.783170000000010;69.333169999999996
1,168;-130.835500000000000;69.298850000000002
1,169;-130.900830000000010;69.300190000000001
1,170;-130.933169999999990;69.366829999999993
1,171;-130.950170000000010;69.399829999999994
1,172;-130.967800000000010;69.436179999999993
1,173;-130.966489999999990;69.500150000000005
1,174;-130.989470000000010;69.544759999999997
1,175;-130.820889999999990;69.611249999999998
1,176;-130.768360000000000;69.665930000000003
1,177;-130.683169999999990;69.716499999999996
1,178;-130.619440000000000;69.813699999999997
1,179;-130.499830000000000;69.833169999999996
1,180;-130.362349999999990;69.856620000000007
1,181;-130.286070000000000;69.817319999999995
1,182;-130.232190000000000;69.800169999999994
1,183;-130.187130000000000;69.847070000000002
1,184;-130.266830000000000;69.866500000000002
1,185;-130.316499999999990;69.881900000000002
1,186;-130.133170000000010;69.899829999999994
1,187;-130.066489999999990;69.934179999999998
1,188;-130.016670000000000;69.933160000000001
1,189;-129.799650000000010;69.937590000000000
1,190;-129.599279999999990;70.006180000000001
1,191;-129.600510000000010;70.066670000000002
1,192;-129.558860000000010;70.086870000000005
1,193;-129.650170000000000;70.116500000000002
1,194;-129.686360000000010;70.135140000000007
1,195;-129.790130000000000;70.133020000000002
1,196;-129.952550000000000;70.034530000000004
1,197;-130.274120000000010;70.003079999999997
1,198;-130.350010000000000;70.042180000000002
1,199;-130.552449999999990;70.066500000000005
1,200;-130.656420000000000;70.030910000000006
1,201;-130.791670000000010;70.033670000000001
1,202;-130.817829999999990;70.033140000000003
1,203;-130.849830000000000;69.999830000000003
1,204;-131.071069999999990;69.975800000000007
1,205;-131.100609999999990;69.914900000000003
1,206;-131.168460000000010;69.883499999999998
1,207;-131.249670000000010;69.925330000000002
1,208;-131.305530000000000;69.952439999999996
1,209;-131.451500000000010;69.949460000000002
1,210;-131.491950000000000;69.907359999999997
1,211;-131.667170000000000;69.850499999999997
1,212;-131.754750000000000;69.805380000000000
1,213;-131.949340000000010;69.767390000000006
1,214;-132.021660000000000;69.718369999999993
1,215;-132.144600000000000;69.698359999999994
1,216;-132.235950000000000;69.700220000000002
1,217;-132.333170000000000;69.733500000000006
1,218;-132.518890000000000;69.749830000000003
1,219;-132.616500000000000;69.698859999999996
1,220;-132.582480000000000;69.666169999999994
1,221;-132.484280000000010;69.668180000000007
1,222;-132.466829999999990;69.647109999999998
1,223;-132.625000000000000;69.650340000000000
1,224;-132.716669999999990;69.648470000000003
1,225;-132.849999999999990;69.651190000000000
1,226;-132.918540000000010;69.649789999999996
1,227;-133.030130000000010;69.592309999999998
1,228;-132.999500000000010;69.532849999999996
1,229;-133.000850000000010;69.466830000000002
1,230;-132.954739999999990;69.444460000000007
1,231;-132.985230000000000;69.415180000000007
1,232;-133.096570000000010;69.417450000000002
1,233;-133.298970000000000;69.382919999999999
1,234;-133.395280000000010;69.402649999999994
1,235;-133.605650000000000;69.398349999999994
1,236;-133.701750000000000;69.348839999999996
1,237;-133.800000000000010;69.350849999999994
1,238;-133.870250000000000;69.349419999999995
1,239;-133.966500000000000;69.299830000000000
1,240;-134.025440000000000;69.280709999999999
1,241;-134.066499999999990;69.293229999999994
1,242;-133.991670000000000;69.325000000000003
1,243;-133.976699999999990;69.371120000000005
1,244;-133.819170000000010;69.447550000000007
1,245;-133.783500000000000;69.513249999999999
1,246;-133.966829999999990;69.533169999999998
1,247;-133.997530000000010;69.565119999999993
1,248;-133.849830000000000;69.583169999999996
1,249;-133.833499999999990;69.592240000000004
1,250;-133.886850000000010;69.618129999999994
1,251;-133.984829999999990;69.616129999999998
1,252;-134.016500000000010;69.583169999999996
1,253;-134.107660000000010;69.538939999999997
1,254;-134.239100000000010;69.572630000000004
1,255;-134.216170000000010;69.617149999999995
1,256;-134.217050000000000;69.660430000000005
1,257;-134.333499999999990;69.683170000000004
1,258;-134.409310000000000;69.702590000000001
1,259;-134.483170000000000;69.698210000000003
1,260;-134.449270000000010;69.632400000000004
1,261;-134.530229999999990;69.554609999999997
1,262;-134.644780000000000;69.526690000000002
1,263;-134.599830000000000;69.483500000000006
1,264;-134.591669999999990;69.474999999999994
1,265;-134.584560000000010;69.465440000000001
1,266;-134.505930000000010;69.434560000000005
1,267;-134.491060000000000;69.498779999999996
1,268;-160.025000000000010;70.375000000000000
1,269;-160.045320000000000;70.369299999999996
1,270;-160.030700000000000;70.354680000000002
1,271;-159.907999999999990;70.358670000000004
1,272;-159.883500000000000;70.333169999999996
1,273;-159.838539999999990;70.316829999999996
1,274;-159.884710000000010;70.384950000000003
1,275;-159.797750000000010;70.468500000000006
1,276;-159.732310000000010;70.500249999999994
1,277;-159.802609999999990;70.534350000000003
1,278;-159.865450000000010;70.599750000000000
1,279;-159.950170000000010;70.633170000000007
1,280;-159.983170000000000;70.658850000000001
1,281;-159.783170000000010;70.733170000000001
1,282;-159.689280000000000;70.771249999999995
1,283;-159.536070000000000;70.820970000000003
1,284;-159.234190000000010;70.857860000000002
1,285;-159.183500000000010;70.835830000000001
1,286;-159.351609999999990;70.808459999999997
1,287;-159.399830000000010;70.782190000000000
1,288;-159.352190000000010;70.736419999999995
1,289;-159.233479999999990;70.766840000000002
1,290;-159.166670000000010;70.765479999999997
1,291;-159.077300000000010;70.767300000000006
1,292;-158.907739999999990;70.802030000000002
1,293;-158.754269999999990;70.798900000000003
1,294;-158.157919999999990;70.825370000000007
1,295;-157.776129999999990;70.874170000000007
1,296;-157.700170000000010;70.900170000000003
1,297;-157.583170000000000;70.933170000000004
1,298;-157.526400000000000;70.952600000000004
1,299;-157.295500000000000;71.017719999999997
1,300;-157.196319999999990;71.068820000000002
1,301;-157.033170000000010;71.133170000000007
1,302;-157.016240000000010;71.168059999999997
1,303;-156.977589999999990;71.205190000000002
1,304;-156.798859999999990;71.281059999999997
1,305;-156.677619999999990;71.316500000000005
1,306;-156.433500000000010;71.266499999999994
1,307;-156.216500000000000;71.250169999999997
1,308;-156.114489999999990;71.232770000000002
1,309;-156.066830000000010;71.183170000000004
1,310;-155.629840000000000;71.166049999999998
1,311;-155.533500000000000;71.098860000000002
1,312;-155.568220000000000;71.065500000000000
1,313;-155.666830000000000;71.033500000000004
1,314;-155.760369999999990;70.985309999999998
1,315;-156.100169999999990;70.966830000000002
1,316;-156.149830000000010;70.949830000000006
1,317;-156.216829999999990;70.933499999999995
1,318;-156.266500000000010;70.915530000000004
1,319;-156.233160000000000;70.883489999999995
1,320;-156.233510000000000;70.866510000000005
1,321;-156.216500000000000;70.850170000000006
1,322;-156.200170000000010;70.833169999999996
1,323;-156.027250000000010;70.812039999999996
1,324;-155.970339999999990;70.752799999999993
1,325;-155.850169999999990;70.735129999999998
1,326;-155.891789999999990;70.815929999999994
1,327;-155.727949999999990;70.833730000000003
1,328;-155.697390000000010;70.833110000000005
1,329;-155.598270000000010;70.799180000000007
1,330;-155.433330000000010;70.802549999999997
1,331;-155.276080000000010;70.799340000000001
1,332;-155.250170000000000;70.845749999999995
1,333;-155.483499999999990;70.866500000000002
1,334;-155.508160000000000;70.917330000000007
1,335;-155.426320000000000;70.970990000000000
1,336;-155.281540000000010;71.016499999999994
1,337;-155.216829999999990;70.983170000000001
1,338;-155.172820000000000;70.966830000000002
1,339;-155.083499999999990;70.992739999999998
1,340;-155.166830000000000;71.033169999999998
1,341;-155.200500000000010;71.050510000000003
1,342;-155.199810000000010;71.084519999999998
1,343;-155.106450000000000;71.082620000000006
1,344;-155.033500000000000;71.033169999999998
1,345;-154.995810000000010;71.014880000000005
1,346;-154.841669999999990;71.018029999999996
1,347;-154.701560000000000;71.015169999999998
1,348;-154.616829999999990;70.990600000000001
1,349;-154.700170000000010;70.950170000000000
1,350;-154.724670000000000;70.924670000000006
1,351;-154.813390000000000;70.895870000000002
1,352;-154.763759999999990;70.848190000000002
1,353;-154.658330000000010;70.850340000000003
1,354;-154.631499999999990;70.849789999999999
1,355;-154.583499999999990;70.799830000000000
1,356;-154.266500000000010;70.783500000000004
1,357;-154.230950000000010;70.765190000000004
1,358;-154.113419999999990;70.767579999999995
1,359;-154.043290000000010;70.803709999999995
1,360;-153.934640000000000;70.877359999999996
1,361;-153.747549999999990;70.899829999999994
1,362;-153.650170000000000;70.866500000000002
1,363;-153.578039999999990;70.848920000000007
1,364;-153.458959999999990;70.851349999999996
1,365;-153.333499999999990;70.883499999999998
1,366;-153.164220000000000;70.899829999999994
1,367;-153.066830000000010;70.866500000000002
1,368;-152.975310000000010;70.848630000000000
1,369;-152.900000000000010;70.850170000000006
1,370;-152.787710000000000;70.847880000000004
1,371;-152.695100000000000;70.785100000000000
1,372;-152.568410000000000;70.850359999999995
1,373;-152.285370000000000;70.821430000000007
1,374;-152.266830000000000;70.782669999999996
1,375;-152.423640000000010;70.744450000000001
1,376;-152.482830000000010;70.682829999999996
1,377;-152.616840000000000;70.650160000000000
1,378;-152.616480000000000;70.632700000000000
1,379;-152.448900000000010;70.599990000000005
1,380;-152.550170000000010;70.583500000000001
1,381;-152.583170000000000;70.553619999999995
1,382;-152.407680000000000;70.533500000000004
1,383;-151.901900000000010;70.573250000000002
1,384;-151.830170000000010;70.548689999999993
1,385;-151.800170000000010;70.515349999999998
1,386;-151.900170000000000;70.466830000000002
1,387;-151.916500000000010;70.452150000000003
1,388;-151.516500000000010;70.433499999999995
1,389;-151.395670000000000;70.384490000000000
1,390;-151.222680000000000;70.365690000000001
1,391;-151.164790000000010;70.366870000000006
1,392;-151.068180000000010;70.416650000000004
1,393;-150.949829999999990;70.433170000000004
1,394;-150.858330000000000;70.456620000000001
1,395;-150.725779999999990;70.422640000000001
1,396;-150.616680000000000;70.466890000000006
1,397;-150.566830000000010;70.449830000000006
1,398;-150.502710000000010;70.429029999999997
1,399;-150.098860000000000;70.437269999999998
1,400;-149.929759999999990;70.480609999999999
1,401;-149.710209999999990;70.502080000000007
1,402;-149.441669999999990;70.496600000000001
1,403;-149.251920000000010;70.500470000000007
1,404;-149.117770000000010;70.480869999999996
1,405;-149.000170000000000;70.433170000000004
1,406;-148.949829999999990;70.416830000000004
1,407;-148.900170000000000;70.399829999999994
1,408;-148.846239999999990;70.383499999999998
1,409;-148.659410000000010;70.421769999999995
1,410;-148.614520000000000;70.398640000000000
1,411;-148.499599999999990;70.361350000000002
1,412;-148.500460000000000;70.319199999999995
1,413;-148.380889999999990;70.300169999999994
1,414;-148.283500000000000;70.333500000000001
1,415;-148.230889999999990;70.349829999999997
1,416;-148.133500000000000;70.316500000000005
1,417;-147.983170000000000;70.300169999999994
1,418;-147.916830000000000;70.283169999999998
1,419;-147.849830000000000;70.266829999999999
1,420;-147.833499999999990;70.249830000000003
1,421;-147.779720000000000;70.223740000000006
1,422;-147.466500000000000;70.200170000000000
1,423;-147.316830000000010;70.183170000000004
1,424;-147.100979999999990;70.162049999999994
1,425;-146.816669999999990;70.167860000000005
1,426;-146.736230000000010;70.166219999999996
1,427;-146.547100000000000;70.183779999999999
1,428;-146.427600000000010;70.181349999999995
1,429;-145.987650000000000;70.131370000000004
1,430;-145.806009999999990;70.135080000000002
1,431;-145.619470000000010;70.087280000000007
1,432;-145.583490000000010;70.049830000000000
1,433;-145.504780000000010;70.051429999999996
1,434;-145.433500000000010;70.033169999999998
1,435;-145.353680000000000;70.013710000000003
1,436;-144.956539999999990;69.981330000000000
1,437;-144.824999999999990;69.984009999999998
1,438;-144.642740000000000;69.980289999999997
1,439;-144.452769999999990;70.028980000000004
1,440;-144.117359999999990;70.050860000000000
1,441;-144.037070000000000;70.049229999999994
1,442;-143.801340000000010;70.085909999999998
1,443;-143.640109999999990;70.082620000000006
1,444;-143.365219999999990;70.104219999999998
1,445;-143.092289999999990;70.098650000000006
1,446;-142.966829999999990;70.066500000000005
1,447;-142.816499999999990;70.050169999999994
1,448;-142.672789999999990;70.029169999999993
1,449;-142.578869999999990;69.980779999999996
1,450;-142.385480000000000;69.918030000000002
1,451;-142.350169999999990;69.899829999999994
1,452;-142.278709999999990;69.865170000000006
1,453;-142.116500000000000;69.833500000000001
1,454;-142.050170000000010;69.816500000000005
1,455;-141.752340000000000;69.784139999999994
1,456;-141.683500000000010;69.766499999999994
1,457;-141.599830000000000;69.750169999999997
1,458;-141.507610000000000;69.712760000000003
1,459;-141.386339999999990;69.650289999999998
1,460;-141.281540000000010;69.633499999999998
1,461;-141.216829999999990;69.666830000000004
1,462;-141.180229999999990;69.683170000000004
1,463;-141.013530000000000;69.640450000000001
1,464;-140.699829999999990;69.616829999999993
1,465;-140.445629999999990;69.596860000000007
1,466;-139.828499999999990;69.609449999999995
1,467;-139.693659999999990;69.581829999999997
1,468;-139.600169999999990;69.549830000000000
1,469;-139.333170000000000;69.533500000000004
1,470;-139.283500000000000;69.516499999999994
1,471;-139.148889999999990;69.494590000000002
1,472;-139.066830000000010;69.466499999999996
1,473;-139.016500000000010;69.450170000000000
1,474;-138.998930000000000;69.431880000000007
1,475;-138.824670000000000;69.375330000000005
1,476;-138.695500000000010;69.331119999999999
1,477;-138.600169999999990;69.266499999999994
1,478;-138.479770000000000;69.242999999999995
1,479;-138.401739999999990;69.283190000000005
1,480;-138.315840000000010;69.299830000000000
1,481;-138.272300000000000;69.210070000000002
1,482;-138.178020000000000;69.164330000000007
1,483;-137.983170000000000;69.116829999999993
1,484;-137.933500000000010;69.099829999999997
1,485;-137.878369999999990;69.081940000000003
1,486;-137.678689999999990;69.049440000000004
1,487;-137.550170000000010;69.016499999999994
1,488;-137.430720000000010;68.997060000000005
1,489;-137.200170000000010;68.949830000000006
1,490;-137.013589999999990;68.919460000000001
1,491;-136.731580000000010;68.834119999999999
1,492;-136.464869999999990;68.816829999999996
1,493;-136.372800000000010;68.864260000000002
1,494;-136.104829999999990;68.786709999999999
1,495;-136.016809999999990;68.816839999999999
1,496;-135.983330000000000;68.816159999999996
1,497;-135.949999999999990;68.816839999999999
1,498;-135.848330000000000;68.814760000000007
1,499;-135.810840000000010;68.737470000000002
1,500;-135.576840000000000;68.714590000000001
1,501;-135.451750000000000;68.650139999999993
1,502;-135.366500000000000;68.633499999999998
1,503;-135.275920000000010;68.614949999999993
1,504;-135.079289999999990;68.618960000000001
1,505;-135.033500000000000;68.669830000000005
1,506;-135.266830000000000;68.766499999999994
1,507;-135.333599999999990;68.811760000000007
1,508;-135.332990000000000;68.841669999999993
1,509;-135.333509999999990;68.866829999999993
1,510;-135.266500000000010;68.883170000000007
1,511;-135.204199999999990;68.904489999999996
1,512;-135.183500000000010;68.961460000000002
1,513;-135.316830000000010;68.983170000000001
1,514;-135.333170000000000;69.033500000000004
1,515;-135.352239999999990;69.070530000000005
1,516;-135.551170000000010;69.066469999999995
1,517;-135.591690000000000;69.024299999999997
1,518;-135.668460000000010;69.000169999999997
1,519;-135.716500000000000;69.050169999999994
1,520;-135.859309999999990;69.110789999999994
1,521;-135.941710000000000;69.173320000000004
1,522;-135.906880000000000;69.216499999999996
1,523;-135.652670000000000;69.102699999999999
1,524;-135.524270000000000;69.083500000000001
1,525;-135.500170000000000;69.134159999999994
1,526;-135.566830000000010;69.166499999999999
1,527;-135.574999999999990;69.174999999999997
1,528;-135.482429999999990;69.214290000000005
1,529;-135.484060000000000;69.293859999999995
1,530;-135.264940000000000;69.227549999999994
1,531;-135.122999999999990;69.276129999999995
1,532;-135.100169999999990;69.300849999999997
1,533;-135.211890000000010;69.298569999999998
1,534;-135.283170000000010;69.316829999999996
1,535;-135.500170000000000;69.349829999999997
1,536;-135.533170000000010;69.378200000000007
1,537;-135.458630000000000;69.402389999999997
1,538;-135.283330000000010;69.398809999999997
1,539;-135.103860000000000;69.402469999999994
1,540;-135.009719999999990;69.466290000000001
1,541;-166.224999999999990;68.916499999999999
1,542;-165.772210000000000;68.877949999999998
1,543;-165.394000000000010;68.885670000000005
1,544;-164.634960000000010;68.924419999999998
1,545;-164.431160000000010;68.950469999999996
1,546;-164.358330000000000;68.948980000000006
1,547;-164.251350000000000;68.951160000000002
1,548;-164.033500000000000;69.000169999999997
1,549;-163.949829999999990;69.016499999999994
1,550;-163.785259999999990;69.083250000000007
1,551;-163.659780000000010;69.100769999999997
1,552;-163.466829999999990;69.200170000000000
1,553;-163.211639999999990;69.308499999999995
1,554;-163.147950000000010;69.351669999999999
1,555;-163.100169999999990;69.450170000000000
1,556;-163.049770000000000;69.516580000000005
1,557;-163.070330000000010;69.596810000000005
1,558;-163.033760000000000;69.631940000000000
1,559;-163.016240000000010;69.668059999999997
1,560;-162.982830000000010;69.700159999999997
1,561;-162.983510000000000;69.733490000000003
1,562;-162.944590000000010;69.790899999999993
1,563;-162.766500000000010;69.866500000000002
1,564;-162.733499999999990;69.883499999999998
1,565;-162.683169999999990;69.899829999999994
1,566;-162.550170000000010;69.950170000000000
1,567;-162.493290000000000;69.968620000000001
1,568;-162.466829999999990;70.050169999999994
1,569;-162.316499999999990;70.066500000000005
1,570;-162.286949999999990;70.127409999999998
1,571;-162.166500000000010;70.166499999999999
1,572;-162.116999999999990;70.191999999999993
1,573;-162.063600000000010;70.217910000000003
1,574;-161.949810000000010;70.295040000000000
1,575;-161.881540000000000;70.316500000000005
1,576;-161.814249999999990;70.281829999999999
1,577;-161.791670000000010;70.258330000000001
1,578;-161.849380000000000;70.225059999999999
1,579;-161.801170000000010;70.186480000000003
1,580;-161.679129999999990;70.231300000000005
1,581;-161.500620000000000;70.250619999999998
1,582;-161.282710000000010;70.266050000000007
1,583;-161.159570000000000;70.292910000000006
1,584;-160.907999999999990;70.338800000000006
1,585;-160.677320000000010;70.405789999999996
1,586;-160.551860000000000;70.451859999999996
1,587;-160.346900000000010;70.513570000000001
1,588;-160.113229999999990;70.599379999999996
1,589;-159.918489999999990;70.581040000000002
1,590;-159.913510000000000;70.518969999999996
1,591;-160.049380000000010;70.498270000000005
1,592;-160.033950000000000;70.482709999999997
1,593;-159.967289999999990;70.452969999999993
1,594;-159.984219999999990;70.412440000000004
1,595;-160.017290000000000;70.383949999999999