0.0358937532228 0.00017766736345 1.78139464765e-05 7.18192406835e-05 0.000515222172418 0.000110531500472
0.0385247784533 0.000197967773655 1.60163341685e-05 8.52343953604e-05 0.000516161001366 0.000117915713343
0.0406636864648 0.000215948991718 1.30058859078e-05 9.99080976412e-05 0.000513114472256 0.000116220839557
0.0429751714827 0.000208009158112 1.86056580926e-05 0.000123157336851 0.000488745378611 0.000122530436042
0.0403014811744 0.000197450841944 2.1777275172e-05 0.00011681890356 0.000459011657739 0.000106899050701
0.0403790688303 0.000199057383849 1.92531860456e-05 0.000121455911901 0.000448344490558 0.000101473939379
0.0407896705133 0.000203537515613 2.14098156512e-05 0.000125102879067 0.000446831640042 9.46373653676e-05
0.0425733603602 0.000209842149913 1.83872703951e-05 0.000131033026864 0.000465803449422 0.000103128759191
0.0448390618567 0.00021535544363 1.44885028341e-05 0.00014739328783 0.000451819961377 0.000105314230472
0.0458295932262 0.000218629515336 1.3589299981e-05 0.00015278045542 0.000423767539057 0.000117183098154
0.0477821742536 0.000213798070587 1.55371917587e-05 0.000158711186438 0.00047191810381 0.00012475201881
0.0447584191694 0.000194892442991 1.85083441592e-05 0.000145633035507 0.000508427211402 0.000101372471837
0.045217911387 0.000200867395832 2.35944614748e-05 0.000142693956961 0.000540216915537 9.59706532196e-05
0.0461601831901 0.000212364264624 2.63586392462e-05 0.000148271001989 0.000510020125635 0.000100847059999
0.0484470741664 0.000239253538786 2.45808912269e-05 0.000155097255426 0.000488963735133 0.000113960615261
0.0488127000531 0.000255577960563 2.31303380161e-05 0.000152894802353 0.000500451763708 0.000107874842724
0.0512215772512 0.000268384472076 2.53238968688e-05 0.000161727303769 0.000491848275387 0.000121727481268
0.0522892160642 0.000274444662142 2.88128691777e-05 0.000161951584655 0.00050195030812 0.000130395526246
0.0407813417045 0.00023074060284 2.71785794314e-05 0.000117310762374 0.00042658638396 9.02139979765e-05
0.0420288482204 0.000241636205787 2.87207832986e-05 0.0001182887161 0.000440937396593 9.43023896949e-05
0.0439007853145 0.000250222168075 3.17578217386e-05 0.000124135131288 0.000453495907117 0.000100578007962
0.0449805942894 0.000255294211396 3.49280959538e-05 0.000123327044612 0.000480434336299 0.000105020605197
0.045184256997 0.000248759570919 3.9177404509e-05 0.0001272779792 0.000470874573766 0.000105089613361
0.0475218935888 0.00026546511865 4.46540046412e-05 0.000130319556718 0.000490526529291 0.000112609647178
0.04831441943 0.000273770738684 4.63518863923e-05 0.000132734060755 0.000464849308564 0.000121219314371
0.0499434150699 0.000270846506095 4.93864409258e-05 0.000141783747578 0.000481841842605 0.000124277086187
0.0506946388468 0.000279259827304 4.9495213486e-05 0.000145352825989 0.000472307361557 0.000124904520133
0.0492159370134 0.000289814267542 4.96682158857e-05 0.000136178294493 0.000446940472573 0.000114787291999
0.0502432329042 0.000293957529688 5.37824965769e-05 0.000136808752962 0.000464150117754 0.000117331216277
0.052621329256 0.000288784759758 7.11939345337e-05 0.000142167405683 0.000489325350508 0.00011858546612
0.0542632972684 0.000285311943569 8.27621018605e-05 0.000145366381546 0.000502858544785 0.000118717572179
0.0540469927025 0.000274019582242 7.97029340745e-05 0.000148334350269 0.000527291275455 0.000115902624697
0.0416201362475 0.000195582076326 7.14263827166e-05 0.000113044358749 0.000399641817132 8.48476153573e-05
0.0404728425534 0.000172006796981 6.3952908319e-05 0.000117193378515 0.000413566422153 8.4079147092e-05
0.0412186646816 0.000193261421821 5.91145015412e-05 0.00012046653777 0.000405837552975 8.64723245937e-05
0.0449125503218 0.000213923843627 6.74574088633e-05 0.000131029666709 0.000421130412326 9.271534878e-05
0.0502834250817 0.000226238342272 6.66256770562e-05 0.000164647293019 0.000428477009367 9.7979759336e-05
0.0513491085673 0.000214862702004 6.69134044802e-05 0.000172793810947 0.000438095123393 0.000102124366683
0.0497494641188 0.00021310503203 7.29188550896e-05 0.000168456707933 0.000347002834044 9.79949856264e-05
0.0497215880906 0.000183934717237 8.25999727857e-05 0.000174179331842 0.000258264352081 0.000101074590905
0.0492422952548 0.000187412194367 8.3208583512e-05 0.000168237246219 0.000269246029541 0.000103892596315
0.0505044490253 0.000186793151295 8.39168404083e-05 0.000176513815721 0.000274879887109 0.000101123015801
0.053282246768 0.000190854124301 9.17515427436e-05 0.000188392673719 0.000279779843645 9.59150218894e-05
0.0455931699037 0.000190877376961 9.12673750947e-05 0.000142255630337 3.47181119056e-05 0.000110282151426
0.0544075091084 0.000186517519485 0.0001007122752 0.000179439069818 0.000325208924749 0.000120239140744
0.0543861600259 0.000177491903319 0.000105706876057 0.000175998476109 0.000319685369833 0.000123258125155
0.0543387567531 0.000176262464218 0.00010870824473 0.000173171695602 0.000316697612512 0.000123154584543
0.0554656619346 0.000175758959804 0.000112345676233 0.000176021978172 0.000361784589226 0.000116238245642
0.0561198531664 0.000178498235188 0.000114316258244 0.000179301590257 0.00035199632329 0.000114853468462
0.0588353217824 0.000179817156716 0.000117889602998 0.000193016142094 0.000373102364653 0.000113817575683
0.0515175457599 0.000140849218777 0.00010794660422 0.000160956220513 0.000375382963464 0.000106374180605
0.0523294734638 0.000144195526963 0.000112801859623 0.000160102563108 0.000380694221524 0.0001069966809
0.0773929501525 0.000233070176569 0.000158326837023 0.000238686635922 0.000639088747064 0.000142569947742
0.0533071489005 0.000157484595088 0.000116545283763 0.000160300272187 0.000394503168155 0.000102449302185
0.05309873596 0.0001518177114 0.000115381897364 0.000162241140935 0.000385809005912 0.000102201842714
0.0534811578924 0.000158608452749 0.000115519116037 0.000163779369141 0.000388727984979 0.000100322045054
0.054631681275 0.000163885825032 0.000118491033182 0.000167501854601 0.000368542713621 0.000108113732219
0.0455350726716 0.000151711642729 8.66907466971e-05 0.000150302771669 0.000287011200806 9.18546000293e-05
0.045780890554 0.000143154513365 8.40326952417e-05 0.000154517663306 0.000312857414329 9.01042598745e-05
0.0465962185091 0.000160276461937 8.13763751975e-05 0.00015829400131 0.000299473931614 9.58209153512e-05
0.0482816548021 0.000183735847023 8.25654678558e-05 0.000162632220074 0.000303966318462 9.6732434319e-05
0.0499830273758 0.000208989630402 8.57095093901e-05 0.000165861583359 0.000314924119389 9.04211782407e-05
0.0516948400858 0.000221173140457 8.61837939611e-05 0.00017466069654 0.00032381162661 8.37362317503e-05
0.0515068480299 0.000219901359535 8.81089207869e-05 0.000172815864914 0.000315529772868 8.36636686775e-05
0.0481369806265 0.000249175112312 7.87100943223e-05 0.0001481999847 0.000266947550028 9.66847814743e-05
0.0490504053404 0.000256397130664 8.45320734545e-05 0.000146710766078 0.000272268130638 9.66329525341e-05
