1    -40.4184627533    62.7680511475    1
1    -40.6085968018    62.7748870850    1
1    -40.7988281250    62.7814350128    1
1    -40.8871593475    62.8281459808    1
1    -40.8734054565    62.9153385162    2
1    -40.7706890106    62.9557991028    1
1    -40.6676998138    62.9961013794    1
1    -40.6531181335    63.0833301544    2
1    -40.6384391785    63.1705875397    2
1    -40.5343379974    63.2108974457    2
1    -40.4299640656    63.2510471344    2
1    -40.4144325256    63.3383350372    2
1    -40.3093013763    63.3784866333    2
1    -40.2038955688    63.4184761047    2
1    -40.1874904633    63.5057964325    2
1    -40.1709766388    63.5931453705    2
1    -40.0644092560    63.6331348419    2
1    -39.9575653076    63.6729621887    2
1    -39.9401473999    63.7603378296    2
1    -39.9226074219    63.8477401733    2
1    -40.0129852295    63.8953456879    2
1    -40.1037635803    63.9428138733    2
1    -40.0866680145    64.0303039551    2
1    -40.0694522858    64.1178131104    2
1    -39.9604835510    64.1578025818    2
1    -39.8512268066    64.1976242065    2
1    -39.7415580750    64.2374420166    2
1    -39.6316051483    64.2770919800    2
1    -39.6126117706    64.3646240234    2
1    -39.5934848785    64.4521865845    2
1    -39.5742225647    64.5397758484    2
1    -39.6664638519    64.5877532959    2
1    -39.7591342926    64.6355895996    2
1    -39.7403202057    64.7232589722    2
1    -39.6281108856    64.7630653381    2
1    -39.5156059265    64.8026962280    2
1    -39.4026622772    64.8423233032    2
1    -39.2894248962    64.8817787170    2
1    -39.2687225342    64.9694633484    2
1    -39.1545982361    65.0089111328    2
1    -39.0401802063    65.0481796265    2
1    -39.0184288025    65.1358795166    2
1    -38.9031047821    65.1751365662    2
1    -38.7874870300    65.2142143250    2
1    -38.6714115143    65.2532882690    2
1    -38.5550422668    65.2921829224    2
1    -38.4382076263    65.3310699463    2
1    -38.2284717560    65.3208236694    2
1    -38.0189189911    65.3102607727    2
1    -37.8095531464    65.2993736267    2
1    -37.6003799438    65.2881698608    2
1    -37.3914070129    65.2766418457    2
1    -37.1826362610    65.2648010254    2
1    -36.9740734100    65.2526435852    2
1    -36.8550167084    65.2900733948    2
1    -36.7354774475    65.3274917603    2
1    -36.6156768799    65.3647270203    2
1    -36.4953918457    65.4019432068    2
1    -36.3748455048    65.4389762878    2
1    -36.2538070679    65.4759941101    2
1    -36.1325130463    65.5128250122    2
1    -36.0107212067    65.5496406555    2
1    -35.8003082275    65.5356788635    2
1    -35.6780109406    65.5721168518    2
1    -35.6433238983    65.6592979431    2
1    -35.6083793640    65.7464904785    2
1    -35.4845600128    65.7828712463    2
1    -35.3604888916    65.8190612793    2
1    -35.2359027863    65.8552322388    2
1    -35.1110687256    65.8912086487    2
1    -35.0737895966    65.9783401489    2
1    -34.9479064941    66.0142745972    2
1    -34.8217773438    66.0500144958    2
1    -34.6951179504    66.0857315063    2
1    -34.5682144165    66.1212539673    2
1    -34.4407730103    66.1567535400    2
1    -34.3130950928    66.1920547485    2
1    -34.2723159790    66.2790565491    2
1    -34.1435470581    66.3143043518    2
1    -34.0145416260    66.3493576050    2
1    -33.9723491669    66.4363212585    2
1    -33.8422355652    66.4713211060    2
1    -33.7118873596    66.5061187744    2
1    -33.5809745789    66.5408859253    2
1    -33.4498310089    66.5754508972    2
1    -33.4050598145    66.6623153687    2
1    -33.2727756500    66.6968193054    2
1    -33.1402645111    66.7311210632    2
1    -33.0939922333    66.8179359436    2
1    -33.0473632812    66.9047546387    2
1    -33.0003719330    66.9915885925    2
1    -32.8655166626    67.0257606506    2
1    -32.7304382324    67.0597267151    2
1    -32.6818847656    67.1465034485    2
1    -32.6329517365    67.2332878113    2
1    -32.5836334229    67.3200798035    2
1    -32.4461288452    67.3539047241    2
1    -32.3083992004    67.3875198364    2
1    -32.1700496674    67.4211006165    2
1    -32.0314826965    67.4544677734    2
1    -31.9792842865    67.5411186218    2
1    -31.8394594193    67.5744056702    0
1    -31.7528800964    67.5209083557    0
1    -31.8059206009    67.4343414307    0
1    -31.7197637558    67.3809356689    0
1    -31.4952411652    67.3603477478    0
1    -31.2711400986    67.3394203186    0
1    -31.1317501068    67.3719406128    0
1    -30.9917325974    67.4044189453    0
1    -30.8515224457    67.4366798401    0
1    -30.7947158813    67.5228958130    0
1    -30.6532325745    67.5550689697    0
1    -30.5115623474    67.5870246887    0
1    -30.3692474365    67.6189384460    0
1    -30.1436262131    67.5962982178    0
1    -29.9184761047    67.5733222961    0
1    -29.6938009262    67.5500106812    0
1    -29.5507888794    67.5810546875    0
1    -29.4071273804    67.6120529175    0
1    -29.2633047104    67.6428337097    0
1    -29.1188278198    67.6735610962    0
1    -28.8940038681    67.6490440369    0
1    -28.7492227554    67.6793365479    0
1    -28.6037807465    67.7095718384    0
1    -28.3791770935    67.6842842102    0
1    -28.2334547043    67.7140846252    0
1    -28.0870676041    67.7438240051    0
1    -27.9405488968    67.7733421326    0
1    -27.8713121414    67.8584327698    0
1    -27.8015279770    67.9435157776    0
1    -27.7311906815    68.0285911560    0
1    -27.5819587708    68.0578727722    0
1    -27.4326028824    68.0869331360    0
1    -27.2825546265    68.1159286499    0
1    -27.1323900223    68.1446990967    0
1    -26.9815292358    68.1734046936    0
1    -26.7540712357    68.1456680298    0
1    -26.5272073746    68.1175994873    0
1    -26.3009414673    68.0891952515    0
1    -26.0752792358    68.0604667664    0
1    -25.9239244461    68.0880470276    0
1    -25.7718725204    68.1155548096    0
1    -25.6197404861    68.1428375244    0
1    -25.4669065475    68.1700515747    0
1    -25.3139991760    68.1970367432    0
1    -25.1603860855    68.2239494324    0
1    -25.0067062378    68.2506332397    0
1    -24.9241971970    68.3344001770    0
1    -24.7690916061    68.3609352112    0
1    -24.6139287949    68.3872413635    0
1    -24.4580459595    68.4134674072    0
1    -24.3021135330    68.4394683838    0
1    -24.1454563141    68.4653892517    0
1    -23.9887571335    68.4910774231    0
1    -23.8313302994    68.5166854858    0
1    -23.6738691330    68.5420608521    0
1    -23.5848855972    68.6251678467    0
1    -23.4951925278    68.7082519531    0
1    -23.3355159760    68.7333755493    0
1    -23.1073007584    68.7002487183    0
1    -22.9475870132    68.7249069214    0
1    -22.7871274948    68.7494773865    0
1    -22.6266603470    68.7738151550    0
1    -22.4654436111    68.7980651855    0
1    -22.3042278290    68.8220787048    0
1    -22.2085447311    68.9044570923    0
1    -22.1120939255    68.9867973328    0
1    -22.0148677826    69.0691032410    0
1    -21.8506040573    69.0927467346    0
1    -21.6863584518    69.1161537170    0
1    -21.5867967606    69.1982307434    0
1    -21.4864292145    69.2802619934    0
1    -21.3852472305    69.3622550964    0
1    -21.4506225586    69.4211883545    0
1    -21.5167951584    69.4800338745    0
1    -21.4147272110    69.5620918274    0
1    -21.4808425903    69.6210479736    0
1    -21.5477714539    69.6799125671    0
1    -21.3779010773    69.7031211853    0
1    -21.1419820786    69.6670684814    0
1    -20.9721832275    69.6897850037    0
1    -20.8667840958    69.7715530396    0
1    -20.6953401566    69.7940597534    0
1    -20.4596033096    69.7570266724    0
1    -20.2247495651    69.7196578979    0
1    -20.0534820557    69.7414283752    0
1    -19.9440240860    69.8226127625    0
1    -19.7711067200    69.8441658020    0
1    -19.5982694626    69.8654708862    0
1    -19.4862451553    69.9463806152    0
1    -19.3732957840    70.0272293091    0
1    -19.4347591400    70.0870552063    0
1    -19.4970712662    70.1468009949    0
1    -19.3829994202    70.2277107239    0
1    -19.2679719925    70.3085556030    0
1    -19.1519775391    70.3893432617    0
1    -19.0350065231    70.4700737000    0
1    -18.9170455933    70.5507392883    0
1    -18.9787540436    70.6108207703    0
1    -19.0413570404    70.6708221436    0
1    -18.9221696854    70.7515411377    0
1    -18.8019618988    70.8321952820    0
1    -18.6807193756    70.9127807617    0
1    -18.5584297180    70.9933013916    0
1    -18.4350824356    71.0737571716    0
1    -18.3106632233    71.1541404724    0
1    -18.1851606369    71.2344551086    0
1    -18.0585594177    71.3147010803    0
1    -18.1200008392    71.3752136230    0
1    -18.1824083328    71.4356460571    0
1    -18.0543937683    71.5159339905    0
1    -17.9252433777    71.5961456299    0
1    -17.7949447632    71.6762809753    0
1    -17.6634817123    71.7563400269    0
1    -17.5308427811    71.8363227844    0
1    -17.3970108032    71.9162254333    0
1    -17.2619724274    71.9960441589    0
1    -17.0646562576    72.0148887634    0
1    -16.8675374985    72.0334587097    0
1    -16.7292060852    72.1129112244    0
1    -16.5300140381    72.1311912537    0
1    -16.3310422897    72.1491928101    0
1    -16.1893672943    72.2282676697    0
1    -16.0464057922    72.3072509766    0
1    -15.9021434784    72.3861427307    0
1    -15.9597539902    72.4475326538    0
1    -16.0184392929    72.5088500977    0
1    -15.8723521233    72.5877571106    0
1    -15.9305310249    72.6491851807    0
1    -15.9898104668    72.7105445862    0
1    -15.8418526649    72.7894744873    0
1    -15.6925125122    72.8683013916    0
1    -15.4832873344    72.8855018616    0
1    -15.2743434906    72.9024124146    0
1    -15.1213402748    72.9808197021    0
1    -14.9669013023    73.0591239929    0
1    -14.8110089302    73.1373176575    0
1    -14.8671507835    73.1991500854    0
1    -14.9244565964    73.2609100342    0
1    -14.7094588280    73.2772941589    0
1    -14.4389734268    73.2314987183    0
1    -14.2246389389    73.2472953796    0
1    -14.0634479523    73.3249282837    0
1    -13.8467783928    73.3403854370    0
1    -13.6304740906    73.3555450439    0
1    -13.4654035568    73.4327163696    0
1    -13.2987685204    73.5097618103    0
1    -13.1305484772    73.5866851807    0
1    -12.9607253075    73.6634826660    0
1    -12.7384772301    73.6777458191    0
1    -12.5166568756    73.6917114258    0
1    -12.3427891731    73.7680053711    0
1    -12.1672596931    73.8441696167    0
1    -11.9900479317    73.9201927185    0
1    -11.8111314774    73.9960784912    0
1    -11.8584208488    74.0588073730    0
1    -11.9069604874    74.1214790344    0
1    -11.7253336906    74.1973228455    0
1    -11.5419344902    74.2730255127    0
1    -11.3567414284    74.3485794067    0
1    -11.4032478333    74.4114608765    0
1    -11.4510540962    74.4742889404    0
1    -11.2629699707    74.5497970581    0
1    -11.0730185509    74.6251487732    0
1    -10.8811764717    74.7003517151    0
1    -10.6874189377    74.7753906250    0
1    -10.4917225838    74.8502731323    0
1    -10.2940616608    74.9249877930    0
1    -10.0944118500    74.9995346069    0
1    -9.8927483559    75.0739135742    0
1    -9.9352331161    75.1371994019    0
1    -9.9791178703    75.2004356384    0
1    -9.7740845680    75.2747459412    0
1    -9.5669517517    75.3488731384    0
1    -9.6088047028    75.4122581482    0
1    -9.6521034241    75.4755935669    0
1    -9.4414300919    75.5496406555    0
1    -9.2285666466    75.6235046387    0
1    -9.0134849548    75.6971817017    0
1    -8.7961568832    75.7706642151    0
1    -8.5765523911    75.8439598083    0
1    -8.3158373833    75.8534278870    0
1    -8.0559344292    75.8625640869    0
1    -7.8310093880    75.9351692200    0
1    -7.6037304401    76.0075607300    0
1    -7.3740680218    76.0797500610    0
1    -7.1419920921    76.1517219543    0
1    -6.9074721336    76.2234764099    0
1    -6.6704769135    76.2950096130    0
1    -6.4309759140    76.3663215637    0
1    -6.1889371872    76.4374046326    0
1    -6.2180266380    76.5014457703    0
1    -6.2486989498    76.5654602051    0
1    -6.0020451546    76.6363868713    0
1    -5.7527403831    76.7070770264    0
1    -5.4732105732    76.7133941650    0
1    -5.1947662830    76.7193679810    0
1    -4.9395570755    76.7892456055    0
1    -4.6816153526    76.8588752747    0
1    -4.4209072590    76.9282417297    0
1    -4.4422736168    76.9925270081    0
1    -4.4652748108    77.0567932129    0
1    -4.4870722294    77.1210899353    0
1    -4.5105395317    77.1853675842    0
1    -4.5327818394    77.2496795654    0
1    -4.5567300320    77.3139686584    0
1    -4.5794303417    77.3782882690    0
1    -4.6038739681    77.4425849915    0
1    -4.3304440975    77.5119438171    0
1    -4.0539430380    77.5810241699    0
1    -3.7743313313    77.6498222351    0
1    -3.4915701151    77.7183380127    0
1    -3.5093417168    77.7827873230    0
1    -3.5289232731    77.8472213745    0
1    -3.5470778942    77.9116821289    0
1    -3.5670833588    77.9761314392    0
1    -3.2753551006    78.0444602966    0
1    -2.9802571535    78.1124877930    0
1    -2.6817463636    78.1802024841    0
1    -2.6957106590    78.2447547913    0
1    -3.0290998220    78.3060684204    0
1    -3.0469267368    78.3705940247    0
1    -3.0631608963    78.4351463318    0
1    -3.0813916922    78.4996833801    0
1    -3.0979958773    78.5642471313    0
1    -3.1166445017    78.6287956238    0
1    -3.1336317062    78.6933708191    0
1    -3.1527124643    78.7579307556    0
1    -3.1700959206    78.8225173950    0
1    -3.1896240711    78.8870925903    0
1    -3.2074177265    78.9516906738    0
1    -3.2274093628    79.0162734985    0
1    -2.8873429298    79.0197334290    0
1    -2.5490765572    79.0227928162    0
1    -2.2228114605    79.0901336670    0
1    -1.8924804330    79.1571273804    0
1    -1.5580292940    79.2237625122    0
1    -1.5664427876    79.2884712219    0
1    -1.9261204004    79.3512001038    0
1    -1.9390423298    79.4158897400    0
1    -1.5966117978    79.4826011658    0
1    -1.2497979403    79.5489387512    0
1    -0.8985420465    79.6148986816    0
1    -0.5382529944    79.6157150269    0
1    -0.1801730245    79.6161193848    0
1    0.1801730245    79.6808853149    0
1    0.5450803190    79.7452392578    0
1    0.9146057963    79.8091850281    0
1    1.2888063788    79.8727111816    0
1    1.6677388549    79.9358062744    0
1    2.0514598489    79.9984664917    0
1    2.4400253296    80.0606765747    0
1    2.4573487043    80.1254158020    0
1    2.0935642123    80.1927490234    0
1    2.1062830091    80.2575340271    0
1    2.1217432618    80.3223037720    0
1    1.7481213212    80.3892860413    0
1    1.3692470789    80.4558639526    0
1    1.3773077726    80.5206947327    0
1    1.7830371261    80.5837287903    0
1    1.7968367338    80.6485443115    0
1    1.4076859951    80.7151908875    0
1    1.4162071347    80.7800445557    0
1    1.8337456584    80.8430519104    0
1    2.2570713758    80.9055709839    0
1    2.6862581968    80.9675941467    0
1    2.7072654963    81.0323982239    0
1    2.7255474329    81.0972328186    0
1    3.1457192898    81.0938949585    0
1    3.5381684303    81.0253295898    0
1    3.9515897036    81.0211067200    0
1    4.3979501724    81.0811042786    0
1    4.8164970875    81.0758705139    0
1    5.2315230370    81.0702056885    0
1    5.6889021397    81.1286354065    0
1    6.1087923050    81.1219406128    0
1    6.5250144005    81.1148262024    0
1    6.9931478500    81.1716346741    0
1    7.4673373699    81.2278556824    0
1    7.9476339817    81.2834739685    0
1    8.4340887070    81.3384780884    0
1    8.9267482758    81.3928565979    0
1    9.4256587029    81.4465942383    0
1    9.9308619499    81.4996833801    0
1    10.0087828636    81.5635910034    0
1    10.0846619606    81.6275749207    0
1    10.6050534248    81.6798019409    0
1    11.0471153259    81.6675567627    0
1    11.4846124649    81.6549186707    0
1    11.9239625931    81.6416931152    0
1    12.3587203026    81.6280860901    0
1    12.8929533958    81.6772651672    0
1    13.3310465813    81.6624755859    0
1    13.6604199409    81.5841712952    0
1    14.0891871452    81.5686607361    0
1    14.5193548203    81.5525550842    0
1    14.8334312439    81.4732971191    0
1    15.1416926384    81.3937873840    0
1    15.5581707954    81.3766670227    0
1    16.0941376686    81.4214210510    0
1    16.6356992722    81.4654235840    0
1    17.1828441620    81.5086631775    0
1    17.3150959015    81.5706024170    0
1    17.4464759827    81.6326446533    0
1    17.5826940536    81.6945037842    0
1    17.7180595398    81.7564697266    0
1    17.8584184647    81.8182411194    0
1    17.9979486465    81.8801193237    0
1    18.5803680420    81.9214134216    0
1    19.1687316895    81.9618721008    0
1    19.6078033447    81.9402198792    0
1    19.8858699799    81.8571319580    0
1    20.3145027161    81.8348922729    0
1    20.7435293198    81.8120269775    0
1    21.1674327850    81.7888832092    0
1    21.5915727615    81.7651176453    0
1    21.8437147141    81.6807479858    0
1    22.2578134537    81.6564559937    0
1    22.8439378738    81.6915321350    0
1    23.2580184937    81.6660118103    0
1    23.4903106689    81.5806350708    0
1    23.7179193497    81.4951362610    0
1    23.5414524078    81.4357452393    1
1    22.9699773788    81.4017333984    1
1    22.4030761719    81.3668746948    1
1    22.0033187866    81.3913192749    1
1    21.7613525391    81.4757652283    1
1    21.3522214890    81.4997062683    1
1    20.9432811737    81.5230445862    1
1    20.5295600891    81.5461196899    1
1    19.9636812210    81.5076713562    1
1    19.4029750824    81.4684066772    1
1    19.2599363327    81.4070625305    1
1    19.1163711548    81.3458251953    1
1    18.5700788498    81.3053550720    1
1    18.0289163589    81.2641105652    1
1    17.4929075241    81.2220954895    1
1    17.0877170563    81.2413177490    1
1    16.6781234741    81.2602348328    1
1    16.1490440369    81.2163085938    1
1    15.6252927780    81.1716537476    1
1    15.1068773270    81.1262702942    1
1    14.9993405342    81.0635414124    1
1    14.8906893730    81.0009040833    1
1    14.3858680725    80.9545249939    1
1    13.8862557411    80.9074516296    1
1    13.3918480873    80.8597030640    1
1    12.9026365280    80.8112831116    1
1    12.8138461113    80.7479896545    1
1    13.1151714325    80.6702308655    1
1    13.4114861488    80.5922279358    1
1    13.7955050468    80.5770263672    1
1    14.1806821823    80.5612983704    1
1    14.5621628761    80.5452575684    1
1    15.0457978249    80.5913810730    1
1    15.4293284416    80.5742797852    1
1    15.8091077805    80.5568771362    1
1    16.1897797585    80.5389442444    1
1    16.5667037964    80.5207214355    1
1    16.9444141388    80.5019645691    2
1    16.8295450211    80.4399833679    2
1    16.3451309204    80.3963546753    2
1    15.8651528358    80.3520469666    2
1    15.3896145821    80.3070793152    2
1    14.9185214043    80.2614555359    2
1    14.4518728256    80.2151832581    2
1    14.0831232071    80.2311058044    2
1    13.7109270096    80.2467269897    2
1    13.2508530617    80.1988029480    2
1    12.7953062057    80.1502647400    2
1    12.4265127182    80.1643676758    2
1    12.0543847084    80.1781539917    2
1    11.6835265160    80.1914405823    2
1    11.3093481064    80.2044029236    2
1    10.8634781837    80.1532592773    2
1    10.4222636223    80.1015357971    2
1    9.9856839180    80.0492324829    2
1    9.5537161827    79.9963722229    2
1    9.1263360977    79.9429473877    2
1    9.0690021515    79.8789405823    2
1    9.0101528168    79.8149948120    2
1    8.9542546272    79.7509803772    2
1    9.2549471855    79.6767807007    2
1    9.1961221695    79.6128883362    2
1    9.1401429176    79.5489273071    2
1    9.4337120056    79.4745750427    2
1    9.3749537468    79.4107360840    2
1    9.3189420700    79.3468284607    2
1    9.6057024002    79.2723350525    2
1    9.5470490456    79.2085494995    2
1    9.4910473824    79.1446914673    2
1    9.4337682724    79.0808944702    2
1    9.0428175926    79.0274200439    2
1    8.9906649590    78.9634895325    2
1    9.2696881294    78.8893508911    2
1    9.2150168419    78.8255386353    2
1    9.1628031731    78.7616653442    2
1    9.4356803894    78.6873970032    2
1    9.7049703598    78.6128883362    2
1    9.6492133141    78.5491867065    2
1    9.5958142281    78.4854202271    2
1    9.8593425751    78.4107856750    2
1    10.1194720268    78.3359260559    2
1    10.3762559891    78.2608337402    2
1    10.6297497749    78.1855278015    2
1    10.8800053596    78.1099967957    2
1    10.8203649521    78.0465888977    1
1    10.5146055222    78.0585136414    1
1    10.2066493034    78.0701637268    1
1    9.8996949196    78.0814094543    1
1    9.6437997818    78.1560363770    1
1    9.3846411705    78.2304420471    1
1    9.1221685410    78.3046112061    1
1    8.8063693047    78.3147087097    1
1    8.4917254448    78.3243980408    1
1    8.5382723808    78.3883399963    1
1    8.5870671272    78.4522285461    1
1    8.3143305779    78.5256690979    1
1    8.3606863022    78.5896644592    1
1    8.4093623161    78.6536026001    1
1    8.1305603981    78.7268981934    1
1    7.8480927944    78.7999305725    1
1    7.5619013309    78.8726997375    1
1    7.2719259262    78.9451980591    1
1    6.9781067371    79.0174179077    1
1    6.6398732662    79.0251083374    1
1    6.2650527954    78.9680938721    1
1    5.9298310280    78.9749450684    1
1    5.5922451019    78.9814605713    1
1    5.2244193554    78.9231491089    1
1    4.8604831696    78.8644027710    1
1    4.5004043579    78.8052139282    1
1    4.4753692150    78.7407226562    1
1    4.4487411976    78.6762657166    1
1    4.0968203545    78.6166038513    1
1    4.0744742155    78.5521011353    1
1    4.0505579710    78.4876327515    1
1    3.7064911127    78.4275131226    1
1    3.3858325481    78.4314994812    1
1    3.0631608963    78.4351463318    1
1    2.7420986891    78.4384078979    1
1    2.4190570116    78.4413261414    1
1    2.0850316882    78.3792800903    1
1    1.7653060555    78.3814468384    1
1    1.4436768293    78.3832626343    1
1    1.1166023016    78.3200912476    1
1    0.7930802107    78.2565536499    1
1    0.7895827293    78.1919441223    1
1    0.7843947709    78.1273460388    1
1    0.4679221362    78.0634613037    1
1    0.1548519433    77.9992179871    1
1    0.1548519433    77.9346313477    1
1    0.1531958133    77.8700561523    1
1    -0.1531958133    77.8054885864    1
1    -0.1515747160    77.7409248352    1
1    -0.1515747160    77.6763687134    1
1    -0.1499875784    77.6118240356    1
1    0.1499875784    77.5472831726    1
1    0.4468380511    77.4824142456    1
1    0.4437619448    77.4178924561    1
1    0.4422395825    77.3533782959    1
1    0.4392262399    77.2888717651    1
1    0.4377347827    77.2243690491    1
1    0.4347822964    77.1598815918    1
1    0.4333208203    77.0953979492    1
1    0.7183143497    77.0302734375    1
1    0.7140180469    76.9658126831    1
1    0.7111819088    76.9013519287    1
1    0.7069702148    76.8369026184    1
1    0.7041896880    76.7724609375    1
1    0.7000601590    76.7080307007    1
1    0.4178708196    76.6442337036    1
1    0.1383945197    76.5801239014    1
1    -0.1383945197    76.5157089233    1
1    -0.4125221819    76.4509963989    1
1    -0.6840142906    76.3859863281    1
1    -0.9528966248    76.3206825256    1
1    -1.2243410349    76.3194618225    1
1    -1.4970214367    76.3179321289    1
1    -1.7606284618    76.2517471313    1
1    -2.0216809511    76.1852874756    1
1    -2.2802052498    76.1185569763    1
1    -2.5362275839    76.0515556335    1
1    -2.8021425009    76.0485649109    1
1    -3.0828984976    76.1095314026    1
1    -3.3510396481    76.1059112549    1
1    -3.6015857458    76.0377731323    1
1    -3.8496706486    75.9693832397    1
1    -4.0953212976    75.9007492065    1
1    -4.3385643959    75.8318672180    1
1    -4.5794267654    75.7627487183    1
1    -4.8392939568    75.7574806213    1
1    -5.1001353264    75.7518959045    1
1    -5.3358988762    75.6820106506    1
1    -5.5939810276    75.6758995056    1
1    -5.8529899120    75.6694717407    1
1    -6.0836744308    75.5988464355    1
1    -6.3120808601    75.5279922485    1
1    -6.5382354259    75.4569320679    1
1    -6.7917199135    75.4494895935    1
1    -7.0460455418    75.4417304993    1
1    -7.2672274113    75.3699607849    1
1    -7.4862244129    75.2979965210    1
1    -7.7030622959    75.2258262634    1
1    -7.9177665710    75.1534576416    1
1    -8.1303627491    75.0809020996    1
1    -8.3408756256    75.0081558228    1
1    -8.5493311882    74.9352188110    1
1    -8.7928037643    74.9255638123    1
1    -9.0369677544    74.9155960083    1
1    -9.2407302856    74.8420257568    1
1    -9.4424996376    74.7682838440    1
1    -9.6423006058    74.6943664551    1
1    -9.8401565552    74.6202812195    1
1    -10.0777158737    74.6092109680    1
1    -10.3158802986    74.5978317261    1
1    -10.5092096329    74.5231513977    1
1    -10.7006578445    74.4483108521    1
1    -10.8902492523    74.3733177185    1
1    -10.8450288773    74.3103828430    1
1    -10.8010816574    74.2473983765    1
1    -10.7565884590    74.1844635010    1
1    -10.7133455276    74.1214790344    1
1    -10.8989458084    74.0465316772    1
1    -10.8546342850    73.9836463928    1
1    -10.8115434647    73.9207115173    1
1    -10.9943461418    73.8457107544    1
1    -10.9502215385    73.7828788757    1
1    -10.9072890282    73.7199935913    1
1    -11.0873746872    73.6449470520    1
1    -11.0434417725    73.5821609497    1
1    -11.0006732941    73.5193252563    1
1    -11.1781182289    73.4442367554    1
1    -11.3539371490    73.3690071106    1
1    -11.5281500816    73.2936325073    1
1    -11.7007756233    73.2181282043    1
1    -11.8718314171    73.1424865723    1
1    -12.0413370132    73.0667076111    1
1    -12.2093091011    72.9908027649    1
1    -12.3757667542    72.9147682190    1
1    -12.5407261848    72.8386077881    1
1    -12.7042064667    72.7623252869    1
1    -12.9137821198    72.7481918335    1
1    -13.1237330437    72.7337760925    1
1    -13.2835984230    72.6570281982    1
1    -13.4913959503    72.6422729492    1
1    -13.6995429993    72.6272354126    1
1    -13.8558378220    72.5500335693    1
1    -14.0107345581    72.4727210999    1
1    -13.9593019485    72.4108276367    1
1    -13.9089202881    72.3488731384    1
1    -14.1125020981    72.3334579468    1
1    -14.3163981438    72.3177642822    1
1    -14.4671974182    72.2401275635    1
1    -14.6166625023    72.1623840332    1
1    -14.7648100853    72.0845413208    1
1    -14.9116539955    72.0065956116    1
1    -15.0572104454    71.9285507202    1
1    -15.2014937401    71.8504142761    1
1    -15.3982462883    71.8336334229    1
1    -15.5952515602    71.8165817261    1
1    -15.7362890244    71.7380447388    1
1    -15.8760981560    71.6594200134    1
1    -16.0701322556    71.6419258118    1
1    -16.2643909454    71.6241645813    1
1    -16.4010295868    71.5451622009    1
1    -16.5933322906    71.5271186829    1
1    -16.7858381271    71.5088043213    1
1    -16.9193515778    71.4294395447    1
1    -17.0517082214    71.3499908447    1
1    -17.1829233170    71.2704658508    1
1    -17.1243495941    71.2097206116    1
1    -17.0667200089    71.1489028931    1
1    -17.1964530945    71.0694084167    1
1    -17.3250799179    70.9898414612    1
1    -17.4526157379    70.9101943970    1
1    -17.6373872757    70.8910713196    1
1    -17.8223161697    70.8716888428    1
1    -17.9469490051    70.7917175293    1
1    -18.1300563812    70.7720794678    1
1    -18.3133020401    70.7521820068    1
1    -18.4350767136    70.6718864441    1
1    -18.5558252335    70.5915260315    1
1    -18.6755580902    70.5111007690    1
1    -18.6146221161    70.4509925842    1
1    -18.3750152588    70.4109382629    1
1    -18.3158311844    70.3506813049    1
1    -18.4350719452    70.2704772949    1
1    -18.5533275604    70.1902122498    1
1    -18.6706104279    70.1098823547    1
1    -18.7869310379    70.0294876099    1
1    -18.9022998810    69.9490356445    1
1    -19.0167284012    69.8685188293    1
1    -18.9567432404    69.8086509705    1
1    -18.8975830078    69.7487030029    1
1    -19.0108804703    69.6682395935    1
1    -19.1826295853    69.6475601196    1
1    -19.3544731140    69.6266365051    1
1    -19.4652423859    69.5458946228    1
1    -19.5751228333    69.4650955200    1
1    -19.6841230392    69.3842468262    1
1    -19.6236143112    69.3247070312    1
1    -19.5638914108    69.2650871277    1
1    -19.7316703796    69.2438583374    1
1    -19.8995246887    69.2223892212    1
1    -20.0059452057    69.1413841248    1
1    -20.1115236282    69.0603332520    1
1    -20.0507373810    69.0010147095    1
1    -19.8252458572    68.9631614685    1
1    -19.6005859375    68.9249954224    1
1    -19.3767604828    68.8865203857    1
1    -19.3190069199    68.8268928528    1
1    -19.4256582260    68.7463760376    1
1    -19.5314865112    68.6658096313    1
1    -19.6944942474    68.6446533203    1
1    -19.9163055420    68.6826553345    1
1    -20.1389226913    68.7203445435    1
1    -20.3623437881    68.7577285767    1
1    -20.5865678787    68.7947959900    1
1    -20.7498826981    68.7724723816    1
1    -20.8506937027    68.6910362244    1
1    -21.0125179291    68.6685180664    1
1    -21.2369203568    68.7046508789    1
1    -21.3988151550    68.6816673279    1
1    -21.4966573715    68.5998420715    1
1    -21.5937376022    68.5179748535    1
1    -21.6900634766    68.4360694885    1
1    -21.8490228653    68.4127120972    1
1    -22.0721035004    68.4476242065    1
1    -22.2310914993    68.4238052368    1
1    -22.3893547058    68.3998947144    1
1    -22.5476198196    68.3757591248    1
1    -22.6396055222    68.2933197021    1
1    -22.7308778763    68.2108421326    1
1    -22.8869953156    68.1864433289    1
1    -23.1093616486    68.2198410034    1
1    -23.2654552460    68.1949844360    1
1    -23.4208393097    68.1700477600    1
1    -23.5762004852    68.1448860168    1
1    -23.6632242203    68.0619087219    1
1    -23.8171806335    68.0365829468    1
1    -23.9711046219    68.0110321045    1
1    -24.0560665131    67.9278717041    1
1    -24.1403751373    67.8446884155    1
1    -24.2922258377    67.8189048767    1
1    -24.4440336227    67.7928924561    1
1    -24.5263347626    67.7095336914    1
1    -24.6767854691    67.6833724976    1
1    -24.8966369629    67.7141189575    1
1    -25.1171064377    67.7445526123    1
1    -25.2673873901    67.7177276611    1
1    -25.4169921875    67.6908302307    1
1    -25.5665273666    67.6637115479    1
1    -25.7153911591    67.6365242004    1
1    -25.8641805649    67.6091156006    1
1    -25.9403715134    67.5250587463    1
1    -26.0878314972    67.4975166321    1
1    -26.3077201843    67.5261802673    1
1    -26.5281820297    67.5545272827    1
1    -26.6753768921    67.5263252258    1
1    -26.7481737137    67.4418869019    1
1    -26.8204145432    67.3574409485    1
1    -26.9656457901    67.3290519714    1
1    -27.1107759476    67.3004455566    1
1    -27.1811780930    67.2158660889    1
1    -27.2510452271    67.1312828064    1
1    -27.3203840256    67.0466842651    1
1    -27.4629659653    67.0178375244    1
1    -27.6798295975    67.0444297791    1
1    -27.8972072601    67.0707054138    1
1    -28.1150932312    67.0966606140    1
1    -28.3334836960    67.1222953796    1
1    -28.5523738861    67.1476058960    1
1    -28.7717580795    67.1725959778    1
1    -28.9134645462    67.1422576904    1
1    -28.9765186310    67.0569076538    1
1    -29.0390939713    66.9715576172    1
1    -29.1789321899    66.9410629272    1
1    -29.3969774246    66.9651031494    1
1    -29.5365190506    66.9341888428    1
1    -29.6754474640    66.9032211304    1
1    -29.8936452866    66.9265136719    1
1    -30.0322561264    66.8951301575    1
1    -30.1702575684    66.8637008667    1
1    -30.3080930710    66.8320617676    1
1    -30.3650159836    66.7462348938    1
1    -30.4215087891    66.6604118347    1
1    -30.4775762558    66.5745925903    1
1    -30.5332231522    66.4887771606    1
1    -30.5884552002    66.4029617310    1
1    -30.5089864731    66.3490562439    1
1    -30.4300947189    66.2950363159    1
1    -30.5639743805    66.2632980347    1
1    -30.7769889832    66.2852172852    1
1    -30.9105329514    66.2530708313    1
1    -31.0435066223    66.2208862305    1
1    -31.1763057709    66.1884994507    1
1    -31.3085403442    66.1560745239    1
1    -31.4405956268    66.1234474182    1
1    -31.5720901489    66.0907821655    1
1    -31.7844343185    66.1111755371    1
1    -31.9155588150    66.0781097412    1
1    -32.0461292267    66.0450134277    1
1    -32.1765079498    66.0117149353    1
1    -32.3063354492    65.9783821106    1
1    -32.4359683990    65.9448547363    1
1    -32.5650558472    65.9112892151    1
1    -32.7765979767    65.9301757812    1
1    -32.9052848816    65.8962173462    1
1    -32.9504413605    65.8097496033    1
1    -33.0780525208    65.7757301331    1
1    -33.2887725830    65.7938346863    1
1    -33.4159660339    65.7594261169    1
1    -33.4589920044    65.6728401184    1
1    -33.5851287842    65.6383743286    1
1    -33.7950038910    65.6557044983    1
1    -33.9207115173    65.6208534241    1
1    -33.9616470337    65.5341606140    1
1    -34.0863189697    65.4992599487    1
1    -34.2107696533    65.4641685486    1
1    -34.3347110748    65.4290504456    1
1    -34.5432662964    65.4452323914    1
1    -34.6667575836    65.4097366333    1
1    -34.7046298981    65.3228950500    1
1    -34.8271160126    65.2873535156    1
1    -35.0347595215    65.3027839661    1
1    -35.1567840576    65.2668647766    1
1    -35.1926631927    65.1799392700    1
1    -35.3137016296    65.1439857483    1
1    -35.4345054626    65.1078414917    1
1    -35.5548210144    65.0716781616    1
1    -35.6749019623    65.0353355408    1
1    -35.7945022583    64.9989738464    1
1    -35.9138603210    64.9624252319    1
1    -35.9465904236    64.8754081726    1
1    -36.0650005341    64.8388252258    1
1    -36.2695522308    64.8523521423    1
1    -36.4743289948    64.8655700684    1
1    -36.6793251038    64.8784751892    1
1    -36.8845348358    64.8910713196    1
1    -37.0899581909    64.9033508301    1
1    -37.2955818176    64.9153213501    1
1    -37.4122295380    64.8774757385    1
1    -37.5284175873    64.8396186829    1
1    -37.6443405151    64.8015823364    1
1    -37.6707000732    64.7142410278    1
1    -37.7857151031    64.6761856079    1
1    -37.9004650116    64.6379547119    1
1    -37.9257431030    64.5506095886    1
1    -38.0396041870    64.5123596191    1
1    -38.1532001495    64.4739341736    1
1    -38.1774196625    64.3866004944    1
1    -38.2901420593    64.3481597900    1
1    -38.4025974274    64.3095474243    1
1    -38.5146217346    64.2709274292    1
1    -38.6263790131    64.2321357727    1
1    -38.7377109528    64.1933364868    1
1    -38.8487739563    64.1543655396    1
1    -38.8702678680    64.0670204163    1
1    -38.8916130066    63.9797000885    1
1    -39.0014228821    63.9407157898    1
1    -39.1109657288    63.9015636444    1
1    -39.1313400269    63.8142585754    1
1    -39.2400646210    63.7750988007    1
1    -39.3485221863    63.7357730865    1
1    -39.3679523468    63.6484909058    1
1    -39.4756069183    63.6091575623    1
1    -39.5829944611    63.5696582794    1
1    -39.6014995575    63.4823989868    1
1    -39.6198787689    63.3951663971    1
1    -39.7260894775    63.3556632996    1
1    -39.8320350647    63.3159980774    1
1    -39.8495178223    63.2287921906    1
1    -39.9546966553    63.1891269684    1
1    -40.0596084595    63.1492977142    1
1    -40.0762157440    63.0621185303    1
1    -40.0927143097    62.9749679565    1
1    -40.1091022491    62.8878479004    1
1    -40.2125186920    62.8480205536    1
1    -40.3156738281    62.8080348969    1
1    -40.4184627533    62.7680511475    1
2    -20.8578567505    66.4018058777    2
2    -21.0599145889    66.4379005432    2
2    -21.2626056671    66.4737129211    2
2    -21.3197774887    66.5320739746    1
2    -21.2301626205    66.6132278442    1
2    -21.2872819901    66.6716957092    1
2    -21.3450183868    66.7300872803    1
2    -21.2547073364    66.8113136292    1
2    -21.1637439728    66.8925132751    1
2    -21.0721235275    66.9736709595    1
2    -20.9798374176    67.0547943115    1
2    -20.8292894363    67.0772323608    1
2    -20.6787786484    67.0994529724    1
2    -20.5845384598    67.1803627014    1
2    -20.4896078110    67.2612342834    1
2    -20.3371629715    67.2831840515    1
2    -20.1847677231    67.3049125671    1
2    -20.0878391266    67.3855590820    1
2    -19.9901981354    67.4661598206    1
2    -19.8918390274    67.5467262268    1
2    -19.9477825165    67.6058921814    1
2    -20.1594839096    67.6434135437    1
2    -20.2167682648    67.7024383545    1
2    -20.1181793213    67.7832069397    1
2    -19.9616804123    67.8048095703    1
2    -19.8052415848    67.8261909485    1
2    -19.7045478821    67.9067268372    1
2    -19.5467395782    67.9279060364    1
2    -19.3890028000    67.9488601685    1
2    -19.2861738205    68.0291519165    1
2    -19.1825723648    68.1093902588    1
2    -19.2380104065    68.1689262390    1
2    -19.4540510178    68.2075157166    1
2    -19.6708726883    68.2458076477    1
2    -19.8309183121    68.2244758606    1
2    -19.9902553558    68.2030410767    1
2    -20.0485849380    68.2622337341    1
2    -19.9467430115    68.3430442810    1
2    -19.8441200256    68.4238052368    1
2    -19.7407093048    68.5045242310    1
2    -19.5784339905    68.5257835388    1
2    -19.3588943481    68.4873237610    1
2    -19.1401576996    68.4485664368    1
2    -18.9781217575    68.4691314697    1
2    -18.8711662292    68.5492744446    1
2    -18.7633905411    68.6293640137    1
2    -18.6547870636    68.7094001770    1
2    -18.7103023529    68.7692413330    1
2    -18.9316158295    68.8086433411    1
2    -18.9886198044    68.8683395386    1
2    -18.8796310425    68.9485931396    1
2    -18.7697896957    69.0287857056    1
2    -18.6023712158    69.0490646362    1
2    -18.4350576401    69.0691070557    1
2    -18.2669811249    69.0890350342    1
2    -18.0439386368    69.0486755371    1
2    -17.8217744827    69.0080108643    1
2    -17.6540555954    69.0272331238    1
2    -17.4855794907    69.0463371277    1
2    -17.3172369003    69.0652084351    1
2    -17.1481361389    69.0839614868    1
2    -16.9791784286    69.1024780273    1
2    -16.8094615936    69.1208763123    1
2    -16.6398973465    69.1390380859    1
2    -16.5202846527    69.2176780701    1
2    -16.3997449875    69.2962417603    1
2    -16.2278842926    69.3140373230    1
2    -16.0065827370    69.2708358765    1
2    -15.9577374458    69.2100143433    1
2    -16.1284885406    69.1925697327    1
2    -16.2994117737    69.1748886108    1
2    -16.4196214676    69.0964241028    1
2    -16.5389137268    69.0178947449    1
2    -16.6572952271    68.9392929077    1
2    -16.7747783661    68.8606224060    1
2    -16.8913698196    68.7818870544    1
2    -17.0578022003    68.7634811401    1
2    -17.2758340836    68.8051757812    1
2    -17.4425449371    68.7863082886    1
2    -17.5561876297    68.7071037292    1
2    -17.6689682007    68.6278419495    1
2    -17.6163873672    68.5677299500    1
2    -17.4001455307    68.5265388489    1
2    -17.1847534180    68.4850502014    1
2    -17.0206327438    68.5035781860    1
2    -16.9060764313    68.5823402405    1
2    -16.7906551361    68.6610374451    1
2    -16.6243686676    68.6792106628    1
2    -16.4089689255    68.6366386414    1
2    -16.1944484711    68.5937805176    1
2    -16.1466255188    68.5331497192    1
2    -16.0986413956    68.4725685120    1
2    -15.8864250183    68.4293098450    1
2    -15.8398575783    68.3686141968    1
2    -15.9571986198    68.2906990051    1
2    -15.9103026390    68.2301063538    1
2    -15.7008843422    68.1866264343    1
2    -15.4923214912    68.1428680420    1
2    -15.4474921227    68.0821151733    1
2    -15.4024920464    68.0214118958    1
2    -15.1961421967    67.9772796631    1
2    -14.9906406403    67.9328689575    1
2    -14.9476580620    67.8720169067    1
2    -14.9044961929    67.8112106323    1
2    -14.8619947433    67.7503547668    1
2    -14.8193140030    67.6895484924    1
2    -14.7772860527    67.6286926270    1
2    -14.8944211006    67.5517845154    1
2    -14.8520383835    67.4910278320    1
2    -14.8102970123    67.4302215576    1
2    -14.9681825638    67.4140930176    1
2    -15.1687936783    67.4584579468    1
2    -15.3702139854    67.5025558472    1
2    -15.5286026001    67.4857788086    1
2    -15.6423463821    67.4083290100    1
2    -15.7552928925    67.3308067322    1
2    -15.8674492836    67.2532272339    1
2    -15.9788231850    67.1755790710    1
2    -16.0894231796    67.0978660583    1
2    -16.1992540359    67.0200920105    1
2    -16.3532104492    67.0025253296    2
2    -16.5528106689    67.0449562073    2
2    -16.7531652451    67.0871200562    2
2    -16.9075164795    67.0689125061    2
2    -17.0612401962    67.0505943298    1
2    -17.2625961304    67.0920600891    1
2    -17.4165573120    67.0733184814    1
2    -17.5216341019    66.9945869446    1
2    -17.6743383408    66.9756317139    1
2    -17.8761396408    67.0162467957    1
2    -18.0786714554    67.0565872192    1
2    -18.2819328308    67.0966567993    1
2    -18.4859228134    67.1364479065    1
2    -18.6391191483    67.1164283752    1
2    -18.7400703430    67.0368232727    1
2    -18.8403062820    66.9571685791    1
2    -18.9916048050    66.9368515015    1
2    -19.1953802109    66.9756355286    1
2    -19.3468284607    66.9548912048    1
2    -19.4445476532    66.8748474121    1
2    -19.5415754318    66.7947654724    1
2    -19.6379184723    66.7146415710    1
2    -19.7335815430    66.6344795227    1
2    -19.8819255829    66.6132621765    1
2    -20.0842885971    66.6507606506    1
2    -20.2327394485    66.6291236877    1
2    -20.3805770874    66.6073951721    1
2    -20.5284605026    66.5854568481    1
2    -20.6204519272    66.5047492981    2
2    -20.7117948532    66.4240074158    2
2    -20.8578567505    66.4018058777    2
3    -41.8247966766    59.0776939392    1
3    -41.9915962219    59.0823326111    1
3    -42.1584472656    59.0867195129    1
3    -42.2378768921    59.1317348480    1
3    -42.2297897339    59.2176589966    1
3    -42.2216567993    59.3036155701    1
3    -42.3017482758    59.3487014771    1
3    -42.3821105957    59.3936672211    1
3    -42.3743762970    59.4797058105    1
3    -42.4551887512    59.5247173309    1
3    -42.6246433258    59.5284156799    1
3    -42.7941360474    59.5318603516    1
3    -42.8757629395    59.5765094757    1
3    -42.8694477081    59.6626510620    2
3    -42.8630943298    59.7488250732    2
3    -42.7743740082    59.7903175354    1
3    -42.6854171753    59.8316783905    1
3    -42.6784744263    59.9179077148    2
3    -42.6714897156    60.0041732788    2
3    -42.6644630432    60.0904693604    2
3    -42.6573944092    60.1767997742    2
3    -42.6502799988    60.2631626129    2
3    -42.6431255341    60.3495578766    2
3    -42.5521984100    60.3909912109    2
3    -42.4610309601    60.4322872162    2
3    -42.4532527924    60.5187358856    2
3    -42.3615036011    60.5600490570    2
3    -42.2695083618    60.6012248993    2
3    -42.2610931396    60.6877269745    2
3    -42.2526264191    60.7742595673    2
3    -42.2441082001    60.8608226776    2
3    -42.2355346680    60.9474201202    2
3    -42.2269096375    61.0340499878    2
3    -42.1331157684    61.0752792358    2
3    -42.0390701294    61.1163654327    2
3    -42.0297756195    61.2030429840    2
3    -42.0204238892    61.2897510529    2
3    -41.9254493713    61.3308620453    2
3    -41.8302192688    61.3718261719    2
3    -41.8201770782    61.4585838318    2
3    -41.8100719452    61.5453720093    2
3    -41.7138900757    61.5863571167    2
3    -41.6174526215    61.6271953583    2
3    -41.6066360474    61.7140293121    2
3    -41.5957508087    61.8008937836    2
3    -41.5847949982    61.8877868652    2
3    -41.5737686157    61.9747142792    2
3    -41.5626716614    62.0616703033    2
3    -41.5515022278    62.1486568451    2
3    -41.5402603149    62.2356739044    2
3    -41.5289440155    62.3227233887    2
3    -41.4295120239    62.3636169434    2
3    -41.2421188354    62.3580417633    1
3    -41.0548019409    62.3521804810    1
3    -40.9677982330    62.3056011200    1
3    -40.8810539246    62.2590484619    1
3    -40.7946548462    62.2123641968    1
3    -40.8083019257    62.1254310608    1
3    -40.7224159241    62.0787982941    1
3    -40.6368713379    62.0320377350    1
3    -40.7362308502    61.9919204712    1
3    -40.8353366852    61.9516525269    1
3    -40.8487262726    61.8648109436    1
3    -40.8620262146    61.7779960632    1
3    -40.8752422333    61.6912155151    1
3    -40.8883762360    61.6044635773    1
3    -40.8039894104    61.5579910278    1
3    -40.6222476959    61.5514907837    1
3    -40.4405956268    61.5447177887    1
3    -40.2590351105    61.5376701355    1
3    -40.0775680542    61.5303478241    1
3    -39.8962039948    61.5227508545    1
3    -39.7973327637    61.5621013641    1
3    -39.6981239319    61.6014518738    1
3    -39.6158370972    61.5540809631    1
3    -39.6328830719    61.4675388336    1
3    -39.6498241425    61.3810234070    1
3    -39.6666564941    61.2945404053    1
3    -39.6833839417    61.2080860138    1
3    -39.7000064850    61.1216621399    1
3    -39.7165279388    61.0352668762    1
3    -39.7329463959    60.9489040375    1
3    -39.7492618561    60.8625717163    1
3    -39.7654781342    60.7762680054    1
3    -39.8616294861    60.7370777130    1
3    -40.0379142761    60.7447052002    1
3    -40.2142944336    60.7520656586    1
3    -40.3097782135    60.7124385834    1
3    -40.3241901398    60.6261177063    1
3    -40.3385143280    60.5398292542    1
3    -40.3527488708    60.4535732269    1
3    -40.3668994904    60.3673477173    1
3    -40.3809642792    60.2811527252    1
3    -40.3949432373    60.1949901581    1
3    -40.4882755280    60.1553878784    1
3    -40.6611270905    60.1620559692    1
3    -40.7540225983    60.1221714020    1
3    -40.7668037415    60.0360279083    1
3    -40.7795085907    59.9499149323    1
3    -40.7921352386    59.8638343811    1
3    -40.8046894073    59.7777862549    1
3    -40.8171672821    59.6917705536    1
3    -40.8295726776    59.6057872772    1
3    -40.8419036865    59.5198364258    1
3    -40.9324703217    59.4799957275    1
3    -41.1014194489    59.4859790802    1
3    -41.2704334259    59.4917106628    1
3    -41.3603591919    59.4514598846    1
3    -41.3710651398    59.3655166626    1
3    -41.4604339600    59.3252811432    1
3    -41.6285858154    59.3304710388    1
3    -41.7175216675    59.2899665833    1
3    -41.7271270752    59.2040519714    1
3    -41.7366771698    59.1181735992    1
3    -41.8247966766    59.0776939392    1
4    7.6931471825    57.0169639587    1
4    7.5983490944    57.0846481323    1
4    7.5031390190    57.1522712708    1
4    7.4075150490    57.2198295593    1
4    7.3114743233    57.2873229980    1
4    7.2150151730    57.3547496796    1
4    7.2289483547    57.4145889282    1
4    7.3541173935    57.4667701721    1
4    7.4797098637    57.5188159943    1
4    7.4944448471    57.5786514282    1
4    7.3974723816    57.6463432312    1
4    7.4118940830    57.7062435150    2
4    7.5385673046    57.7582817078    2
4    7.6656711102    57.8101844788    2
4    7.7779653072    57.8020553589    2
4    7.8899838924    57.7938270569    2
4    8.0178294182    57.8453197479    2
4    8.1461067200    57.8966732025    2
4    8.2585859299    57.8880386353    2
4    8.3707857132    57.8793048859    2
4    8.4997973442    57.9302444458    2
4    8.6292400360    57.9810409546    2
4    8.6464657784    58.0408382416    2
4    8.6635427475    58.1006698608    2
4    8.7939887047    58.1513099670    2
4    8.9248704910    58.2018070221    2
4    9.0561890602    58.2521553040    2
4    9.1879463196    58.3023586273    2
4    9.2064676285    58.3621559143    2
4    9.2248420715    58.4219875336    2
4    9.3576259613    58.4720268250    2
4    9.4908528328    58.5219135284    2
4    9.6245231628    58.5716514587    2
4    9.7586379051    58.6212368011    2
4    9.7785024643    58.6810245514    2
4    9.7982234955    58.7408485413    2
4    9.9333901405    58.7902603149    2
4    10.0486755371    58.7797145844    2
4    10.1636552811    58.7690734863    2
4    10.2995548248    58.8180408478    2
4    10.4148144722    58.8071117401    2
4    10.5085406303    58.7363815308    2
4    10.6018223763    58.6655979156    2
4    10.5803251266    58.6059703827    1
4    10.5591325760    58.5463294983    1
4    10.5378055573    58.4867267609    1
4    10.4240407944    58.4977436066    1
4    10.3099737167    58.5086669922    1
4    10.1754560471    58.4597854614    1
4    10.0413765907    58.4107475281    1
4    10.0213885307    58.3510608673    1
4    10.0012617111    58.2914123535    1
4    9.8682126999    58.2422008514    1
4    9.8486762047    58.1825313568    1
4    9.9417877197    58.1124954224    1
4    9.9219760895    58.0529003143    2
4    9.7900977135    58.0036487579    2
4    9.6586465836    57.9542503357    1
4    9.6397032738    57.8946266174    1
4    9.6206221581    57.8350372314    2
4    9.4901685715    57.7854747772    2
4    9.3601379395    57.7357635498    2
4    9.2305293083    57.6859092712    2
4    9.1013417244    57.6359100342    2
4    8.9725742340    57.5857658386    2
4    8.8442263603    57.5354804993    2
4    8.7334132195    57.5446929932    2
4    8.6392960548    57.6134834290    2
4    8.5279302597    57.6225051880    2
4    8.4001607895    57.5716743469    2
4    8.2728133202    57.5207080841    2
4    8.1458859444    57.4696006775    2
4    8.0193793774    57.4183559418    2
4    8.0039179325    57.3586254120    2
4    7.9883072376    57.2989273071    2
4    7.8627557755    57.2475395203    2
4    7.8476791382    57.1878376007    2
4    7.8324537277    57.1281700134    2
4    7.8174922466    57.0684967041    2
4    7.8023827076    57.0088577271    2
4    7.6931471825    57.0169639587    1
5    -24.9021358490    66.6742935181    1
5    -25.1125230789    66.7046165466    1
5    -25.3234720230    66.7346343994    1
5    -25.3916282654    66.7912826538    1
5    -25.4598474503    66.8479804993    1
5    -25.6725959778    66.8775024414    1
5    -25.8858995438    66.9067192078    1
5    -26.0997552872    66.9356269836    1
5    -26.1704778671    66.9919433594    1
5    -26.0969686508    67.0759620667    1
5    -26.0229063034    67.1599693298    1
5    -25.8773193359    67.1874923706    1
5    -25.6613359451    67.1582336426    1
5    -25.4459228516    67.1286621094    1
5    -25.3001232147    67.1555404663    1
5    -25.1536817551    67.1823501587    1
5    -24.9387207031    67.1520309448    1
5    -24.7921648026    67.1784057617    1
5    -24.6449642181    67.2047119141    1
5    -24.4304924011    67.1736564636    1
5    -24.2166223526    67.1422920227    1
5    -24.0692911148    67.1679458618    1
5    -23.9872875214    67.2509078979    1
5    -23.8386631012    67.2764129639    1
5    -23.6900081635    67.3017005920    1
5    -23.5406999588    67.3269081116    1
5    -23.3266420364    67.2942390442    1
5    -23.1772909164    67.3190155029    1
5    -23.0272865295    67.3437118530    1
5    -22.8138360977    67.3102989197    1
5    -22.6010332108    67.2765884399    1
5    -22.5389051437    67.2185363770    1
5    -22.6261558533    67.1364135742    1
5    -22.7127656937    67.0542678833    1
5    -22.8608608246    67.0299835205    1
5    -23.0089483261    67.0054855347    1
5    -23.0936536789    66.9231491089    2
5    -23.1777410507    66.8407859802    2
5    -23.2612161636    66.7583999634    2
5    -23.4067869186    66.7335891724    2
5    -23.6156606674    66.7660865784    1
5    -23.8251314163    66.7982826233    1
5    -24.0351972580    66.8301773071    1
5    -24.2458553314    66.8617744446    1
5    -24.3912820816    66.8358993530    1
5    -24.4703035355    66.7528381348    1
5    -24.6144838333    66.7268218994    1
5    -24.7586183548    66.7005920410    1
5    -24.9021358490    66.6742935181    1
6    -27.1276741028    65.1165809631    1
6    -27.3271274567    65.1434974670    1
6    -27.3954219818    65.1988563538    1
6    -27.3316717148    65.2829322815    1
6    -27.1989927292    65.3115539551    1
6    -26.9982872009    65.2844314575    1
6    -26.8654327393    65.3126564026    1
6    -26.7320356369    65.3408279419    1
6    -26.5985574722    65.3688049316    1
6    -26.5315456390    65.4525527954    1
6    -26.4640607834    65.5363006592    1
6    -26.3289299011    65.5641021729    1
6    -26.1271123886    65.5356750488    1
6    -25.9918365479    65.5630760193    1
6    -25.9221277237    65.6465873718    1
6    -25.7857332230    65.6738700867    1
6    -25.5836448669    65.6446418762    1
6    -25.3820571899    65.6151275635    1
6    -25.3175506592    65.5586395264    2
6    -25.2531003952    65.5022048950    2
6    -25.1892061234    65.4456863403    2
6    -25.1253633499    65.3892173767    2
6    -25.0620708466    65.3326606750    1
6    -24.9988279343    65.2761535645    1
6    -24.8010625839    65.2458305359    2
6    -24.6037979126    65.2152252197    2
6    -24.5421895981    65.1584663391    2
6    -24.6152315140    65.0758247375    2
6    -24.6877746582    64.9931678772    2
6    -24.7598257065    64.9104957581    2
6    -24.8928356171    64.8843688965    1
6    -24.9548110962    64.9408416748    1
6    -25.0168323517    64.9973678589    1
6    -25.0793876648    65.0538063049    1
6    -25.1419906616    65.1102943420    1
6    -25.3390674591    65.1401100159    1
6    -25.5366306305    65.1696395874    1
6    -25.7346754074    65.1988868713    1
6    -25.9332008362    65.2278480530    1
6    -26.1322021484    65.2565269470    1
6    -26.3316774368    65.2849159241    1
6    -26.4652338028    65.2571411133    1
6    -26.5982475281    65.2293090820    1
6    -26.7311830521    65.2012786865    1
6    -26.8635797501    65.1731948853    1
6    -26.9958944321    65.1449165344    1
6    -27.1276741028    65.1165809631    1
7    10.7715029716    56.8653755188    2
7    10.7919692993    56.9244880676    2
7    10.8127102852    56.9835891724    2
7    10.8333320618    57.0427284241    2
7    10.9418735504    57.0313453674    2
7    11.0501384735    57.0198764801    2
7    11.1798133850    57.0673465729    2
7    11.3098831177    57.1146678925    2
7    11.4403476715    57.1618404388    2
7    11.5712075233    57.2088603973    2
7    11.6800479889    57.1967048645    2
7    11.6575212479    57.1377201080    2
7    11.6352758408    57.0787200928    2
7    11.6129183769    57.0197601318    2
7    11.5908403397    56.9607868195    2
7    11.6764273643    56.8897171021    2
7    11.7616271973    56.8186035156    2
7    11.8688502312    56.8063030243    2
7    11.9761805534    56.7938671112    2
7    11.9533896446    56.7350635529    2
7    11.9308738708    56.6762466431    2
7    11.9082522392    56.6174697876    2
7    11.7793374062    56.5710067749    2
7    11.7572612762    56.5122013092    2
7    11.7350783348    56.4534339905    2
7    11.6289954185    56.4655761719    2
7    11.5226426125    56.4776344299    2
7    11.4163985252    56.4895591736    2
7    11.4378247261    56.5484294891    2
7    11.4595212936    56.6072883606    2
7    11.3742136955    56.6780796051    2
7    11.2885212898    56.7488250732    2
7    11.1810812950    56.7605514526    2
7    11.0737552643    56.7721424103    2
7    10.9871311188    56.8426723480    2
7    10.8792581558    56.8540916443    2
7    10.7715029716    56.8653755188    2
8    -23.7546033859    63.9465217590    1
8    -23.8117122650    64.0033035278    1
8    -23.8688440323    64.0601387024    1
8    -24.0561332703    64.0916709900    1
8    -24.1142568588    64.1483535767    1
8    -24.0422763824    64.2304344177    1
8    -24.1004562378    64.2872161865    1
8    -24.2897472382    64.3184432983    1
8    -24.4795122147    64.3494033813    1
8    -24.6697502136    64.3800926208    1
8    -24.8604555130    64.4105110168    1
8    -25.0516290665    64.4406547546    1
8    -25.2432651520    64.4705276489    1
8    -25.3049983978    64.5267524719    1
8    -25.1741209030    64.5533180237    1
8    -25.0431947708    64.5796928406    1
8    -24.9117527008    64.6060066223    1
8    -24.7802677155    64.6321258545    1
8    -24.7091035843    64.7147178650    1
8    -24.5765781403    64.7407112122    2
8    -24.5162210464    64.6840438843    2
8    -24.4559011459    64.6274261475    2
8    -24.2640209198    64.5964012146    2
8    -24.0726261139    64.5651016235    2
8    -23.8817186356    64.5335350037    2
8    -23.6913022995    64.5016937256    2
8    -23.5013771057    64.4695892334    2
8    -23.4441499710    64.4125061035    1
8    -23.3869390488    64.3554725647    1
8    -23.3302364349    64.2983665466    2
8    -23.4047508240    64.2166595459    2
8    -23.4787778854    64.1349334717    2
8    -23.5523233414    64.0531921387    1
8    -23.6253910065    63.9714336395    1
8    -23.7546033859    63.9465217590    1
9    -43.5034942627    58.9409408569    1
9    -43.6697101593    58.9430618286    1
9    -43.8359470367    58.9449310303    1
9    -43.9175071716    58.9887008667    2
9    -43.9993000031    59.0324897766    2
9    -44.0813446045    59.0761547089    2
9    -44.0786590576    59.1621456146    2
9    -44.0759563446    59.2481727600    2
9    -44.0732383728    59.3342304230    2
9    -44.0705070496    59.4203243256    2
9    -43.9845218658    59.4626884460    2
9    -43.8153209686    59.4610347748    2
9    -43.6461391449    59.4591255188    2
9    -43.5636844635    59.4149894714    1
9    -43.4814643860    59.3708744049    1
9    -43.3128318787    59.3684673309    1
9    -43.1442298889    59.3658046722    1
9    -43.0627975464    59.3213214874    1
9    -43.0684738159    59.2353057861    1
9    -43.0741176605    59.1493244171    1
9    -43.1604709625    59.1077919006    1
9    -43.3276023865    59.1104278564    1
9    -43.4134998322    59.0686378479    1
9    -43.4181079865    58.9827041626    1
9    -43.5034942627    58.9409408569    1
10    14.0982785225    54.5520648956    2
10    14.1231465340    54.6097278595    2
10    14.1482625008    54.6673736572    2
10    14.1733036041    54.7250595093    2
10    14.2982816696    54.7680950165    1
10    14.4235839844    54.8109855652    1
10    14.5492110252    54.8537235260    1
10    14.6491165161    54.8387050629    2
10    14.7226519585    54.7660484314    2
10    14.7958660126    54.6933689117    2
10    14.7696094513    54.6358833313    2
10    14.7436027527    54.5783786774    2
10    14.7175269127    54.5209159851    2
10    14.5929365158    54.4784641266    2
10    14.4686632156    54.4358673096    2
10    14.3700413704    54.4506435394    2
10    14.2964353561    54.5229129791    2
10    14.1973199844    54.5375518799    2
10    14.0982785225    54.5520648956    2
11    15.0233831406    55.6459941864    2
11    14.9485211372    55.7192096710    2
11    14.9758138657    55.7770099640    2
11    15.0033750534    55.8347854614    2
11    15.0308637619    55.8926029205    2
11    15.1615319252    55.9348087311    2
11    15.2645115852    55.9190826416    2
11    15.3672194481    55.9032878876    2
11    15.4983687401    55.9450645447    2
11    15.6012134552    55.9289989471    2
11    15.6750736237    55.8552246094    2
11    15.7485957146    55.7814235687    1
11    15.7197523117    55.7238693237    1
11    15.5892133713    55.6824283600    1
11    15.4590086937    55.6408271790    1
11    15.3291382790    55.5990657806    1
11    15.2273740768    55.6147975922    2
11    15.1253433228    55.6304626465    2
11    15.0233831406    55.6459941864    2
12    -22.8938608170    67.7068367004    1
12    -23.1113328934    67.7401733398    1
12    -23.1768217087    67.7980117798    1
12    -23.0889968872    67.8806381226    1
12    -22.9349775314    67.9052848816    1
12    -22.7809476852    67.9297103882    1
12    -22.6910619736    68.0121421814    1
12    -22.5356426239    68.0363960266    1
12    -22.3160810471    68.0022010803    1
12    -22.2526359558    67.9438858032    1
12    -22.3439064026    67.8617362976    1
12    -22.4344863892    67.7795524597    1
12    -22.5878391266    67.7554893494    1
12    -22.7411899567    67.7312049866    1
12    -22.8938608170    67.7068367004    1
13    -17.9872474670    66.5405311584    2
13    -18.1857509613    66.5806579590    2
13    -18.3849525452    66.6205139160    1
13    -18.4350366592    66.6799774170    1
13    -18.3346061707    66.7592773438    1
13    -18.1835641861    66.7789573669    1
13    -17.9833269119    66.7388000488    1
13    -17.7837991714    66.6983718872    1
13    -17.7357339859    66.6386260986    2
13    -17.8377084732    66.5597839355    2
13    -17.9872474670    66.5405311584    2
14    14.6037983894    76.4689025879    1
14    14.4057483673    76.5473899841    1
14    14.2053551674    76.6257324219    1
14    14.2734022141    76.6882171631    1
14    14.6146688461    76.7345428467    1
14    14.8865647316    76.7180938721    2
14    15.0843067169    76.6391983032    2
14    15.2797055244    76.5601539612    2
14    15.2064614296    76.4980506897    1
14    14.8691706657    76.4525604248    1
14    14.6037983894    76.4689025879    1
15    12.0845193863    77.7292671204    1
15    11.8496847153    77.8058128357    1
15    11.6118655205    77.8821640015    1
15    11.6733274460    77.9454498291    1
15    12.0401668549    77.9953880310    2
15    12.3442015648    77.9817123413    2
15    12.5793099403    77.9047126770    2
15    12.5118141174    77.8417205811    2
15    12.4464974403    77.7786407471    2
15    12.3803920746    77.7156257629    1
15    12.0845193863    77.7292671204    1
16    15.6102938652    55.0593185425    2
16    15.5380764008    55.1327400208    2
16    15.5659189224    55.1901988983    2
16    15.6944684982    55.2315673828    1
16    15.7949790955    55.2153644562    1
16    15.8668017387    55.1417293549    1
16    15.8383145332    55.0844001770    1
16    15.7101588249    55.0432491302    1
16    15.6102938652    55.0593185425    2
17    12.6411504745    77.3726119995    1
17    12.4164652824    77.4495925903    1
17    12.1889877319    77.5263900757    1
17    12.2516608238    77.5895004272    1
17    12.5454263687    77.5756072998    2
17    12.7715926170    77.4985008240    2
17    12.9949607849    77.4212074280    2
17    12.9280123711    77.3583717346    2
17    12.6411504745    77.3726119995    1
18    24.1076040268    80.8296279907    1
18    24.2739562988    80.8888931274    1
18    24.4444427490    80.9479103088    1
18    24.6152133942    81.0070304871    1
18    24.9923763275    80.9797172546    1
18    25.1906833649    80.8934440613    1
18    25.0164289474    80.8347892761    1
18    24.4770679474    80.8030281067    2
18    24.1076040268    80.8296279907    1
19    24.1596174240    81.3237800598    1
19    23.9409790039    81.4095153809    1
19    24.1174459457    81.4689064026    0
19    24.6978912354    81.5012054443    0
19    25.0967864990    81.4737739563    0
19    24.9112796783    81.4150314331    2
19    24.7304239273    81.3560142517    2
19    24.5499267578    81.2971000671    1
19    24.1596174240    81.3237800598    1
20    -22.0972204208    67.9676895142    1
20    -22.1606655121    68.0260047913    1
20    -22.0679883957    68.1080894470    1
20    -21.9111719131    68.1317176819    1
20    -21.8484497070    68.0732154846    1
20    -21.9418144226    67.9912719727    1
20    -22.0972204208    67.9676895142    1
21    -16.4501276016    69.3569412231    1
21    -16.5012865067    69.4175796509    1
21    -16.3794717789    69.4961814880    1
21    -16.2058782578    69.5139656067    1
21    -16.1558427811    69.4531593323    1
21    -16.2782669067    69.3747367859    1
21    -16.4501276016    69.3569412231    1
22    -27.5897970200    65.0859909058    1
22    -27.6585302353    65.1412048340    1
22    -27.5270233154    65.1701278687    1
22    -27.4587287903    65.1147689819    1
22    -27.5897970200    65.0859909058    1
23    -22.3003273010    67.3245849609    1
23    -22.3624544144    67.3826904297    1
23    -22.2111167908    67.4065666199    1
23    -22.1496524811    67.3483238220    1
23    -22.3003273010    67.3245849609    1
24    -21.9983215332    67.3719749451    1
24    -22.0597858429    67.4302177429    1
24    -21.9077939987    67.4537849426    1
24    -21.8470029831    67.3954124451    1
24    -21.9983215332    67.3719749451    1
