1    24.4441919327    77.0396194458    1
1    24.3005380630    77.1249580383    1
1    24.1549520493    77.2102355957    2
1    24.2741937637    77.2691230774    2
1    24.6622095108    77.3011169434    2
1    24.7856779099    77.3596496582    2
1    24.9093179703    77.4182586670    2
1    25.3035745621    77.4493103027    2
1    25.4315347672    77.5075492859    2
1    25.5597190857    77.5658683777    2
1    25.9603033066    77.5959434509    2
1    26.0929021835    77.6538734436    2
1    26.2257823944    77.7118835449    2
1    26.3609132767    77.7696952820    2
1    26.2222175598    77.8561820984    2
1    26.0815181732    77.9426078796    2
1    25.9387731552    78.0289764404    2
1    25.7939395905    78.1152839661    2
1    25.5103750229    78.1433219910    2
1    25.2265548706    78.1709327698    2
1    25.0747013092    78.2568817139    2
1    24.9205942154    78.3427543640    2
1    24.7641849518    78.4285583496    2
1    24.4703798294    78.4555549622    2
1    24.1763973236    78.4821090698    2
1    23.8798351288    78.5084991455    2
1    23.5831480026    78.5344505310    2
1    23.7132797241    78.5937385559    2
1    23.8460464478    78.6528396606    2
1    23.6770925522    78.7380790710    2
1    23.5055475235    78.8232307434    2
1    23.6386470795    78.8825874329    0
1    24.0817031860    78.9155807495    2
1    24.5273952484    78.9479141235    2
1    24.9756898880    78.9795761108    2
1    25.2822771072    78.9520263672    2
1    25.1382694244    78.8935737610    2
1    24.9970321655    78.8349113464    2
1    25.1573362350    78.7489204407    2
1    25.3151922226    78.6628532410    2
1    25.4706535339    78.5767173767    2
1    25.6237726212    78.4905090332    2
1    25.9145298004    78.4624824524    2
1    26.2049808502    78.4340133667    2
1    26.4928903580    78.4053993225    2
1    26.9251298904    78.4340820312    2
1    27.3595085144    78.4621162415    2
1    27.7959918976    78.4894905090    2
1    28.2345438004    78.5161972046    2
1    28.6751279831    78.5422286987    2
1    29.1177043915    78.5675926208    2
1    29.5622367859    78.5922698975    2
1    30.0086812973    78.6162681580    2
1    30.4569969177    78.6395759583    2
1    30.6246252060    78.6951828003    2
1    30.7930049896    78.7508659363    2
1    30.9639835358    78.8062896729    2
1    31.1357603073    78.8617897034    2
1    31.3101778030    78.9170227051    2
1    31.1966609955    79.0058898926    2
1    31.0812845230    79.0947303772    2
1    30.9640007019    79.1835365295    2
1    30.6669473648    79.2167778015    2
1    30.3690633774    79.2495536804    2
1    30.0683202744    79.2822151184    2
1    29.5938901901    79.2582664490    2
1    29.2916374207    79.2899971008    2
1    28.9864759445    79.3216018677    2
1    28.5128479004    79.2959861755    2
1    28.0415258408    79.2696456909    2
1    27.5725564957    79.2425880432    2
1    27.4135427475    79.1850967407    2
1    27.2550296783    79.1276893616    2
1    26.9498844147    79.1570930481    2
1    26.7979564667    79.2440719604    2
1    26.9545001984    79.3018875122    2
1    27.1140079498    79.3594665527    2
1    27.2740020752    79.4171295166    2
1    27.4370193481    79.4745483398    2
1    27.6005687714    79.5320587158    2
1    27.7672014236    79.5893173218    2
1    27.9344139099    79.6466598511    2
1    28.4227657318    79.6731643677    2
1    28.5962772369    79.7299919128    2
1    28.7704763412    79.7869071960    2
1    28.9478893280    79.8435516357    2
1    28.8029975891    79.9315681458    2
1    28.9818935394    79.9883880615    2
1    29.4897155762    80.0132827759    2
1    29.6752939224    80.0695457458    2
1    29.8617362976    80.1258926392    2
1    30.1889686584    80.0933723450    2
1    30.3239049911    80.0047416687    2
1    30.4564561844    79.9160766602    2
1    30.7737531662    79.8831748962    2
1    31.0900945663    79.8497810364    2
1    31.4032506943    79.8162727356    2
1    31.9078474045    79.8374176025    2
1    32.4145202637    79.8577728271    2
1    32.9232006073    79.8773384094    2
1    33.4338226318    79.8961105347    2
1    33.9463138580    79.9140815735    2
1    34.1544227600    79.9676666260    2
1    34.3638820648    80.0213203430    2
1    34.8844280243    80.0378227234    2
1    35.1001892090    80.0908088684    2
1    35.3174419403    80.1438636780    2
1    35.5378837585    80.1965751648    2
1    35.4485721588    80.2869873047    2
1    35.3575782776    80.3773841858    2
1    35.2648487091    80.4677658081    2
1    34.9434909821    80.5051612854    2
1    34.6205291748    80.5420455933    2
1    34.2940635681    80.5788421631    2
1    33.9660491943    80.6151237488    2
1    33.6344413757    80.6513099670    2
1    33.3013420105    80.6869735718    1
1    33.5220966339    80.7412223816    1
1    34.0818500519    80.7590370178    1
1    34.3100242615    80.8125839233    1
1    34.5398311615    80.8662033081    1
1    35.1091461182    80.8824119568    1
1    35.4431324005    80.8448371887    0
1    35.7734279633    80.8071784973    0
1    36.1019058228    80.7689933777    0
1    36.4267940521    80.7307319641    0
1    36.7498111725    80.6919593811    0
1    37.0693435669    80.6531181335    0
1    37.3869609833    80.6137733459    0
1    37.7011890411    80.5743637085    0
1    38.0134601593    80.5344543457    0
1    38.0806255341    80.4434280396    0
1    38.1465206146    80.3524017334    0
1    38.2111759186    80.2613754272    0
1    38.5106906891    80.2212524414    0
1    38.8083000183    80.1806564331    0
1    38.8657207489    80.0895309448    0
1    38.9220905304    79.9984092712    0
1    38.6886577606    79.9480209351    0
1    38.4580955505    79.8972625732    0
1    38.5170574188    79.8062362671    0
1    38.5749702454    79.7152137756    0
1    38.3496685028    79.6646003723    0
1    38.1271038055    79.6136322021    0
1    37.9061908722    79.5627136230    0
1    37.6879844666    79.5114479065    0
1    37.4713573456    79.4602355957    0
1    37.2574081421    79.4086799622    0
1    37.3239269257    79.3179588318    0
1    37.3893184662    79.2272377014    0
1    37.4536113739    79.1365165710    0
1    37.5168342590    79.0457916260    0
1    37.5790100098    78.9550666809    0
1    37.6401710510    78.8643455505    0
1    37.9041271210    78.8248176575    0
1    38.3728275299    78.8357467651    0
1    38.8424243927    78.8459320068    0
1    39.3128490448    78.8553733826    0
1    39.7840480804    78.8640594482    0
1    40.2559528351    78.8720054626    0
1    40.4736022949    78.9211959839    0
1    40.4357261658    79.0123977661    0
1    40.3972129822    79.1036109924    0
1    40.3580455780    79.1948280334    0
1    40.3182086945    79.2860565186    0
1    40.5443153381    79.3354301453    0
1    40.8091697693    79.2931404114    0
1    40.8448619843    79.2018470764    0
1    41.1049518585    79.1595077515    0
1    41.5906028748    79.1653404236    0
1    42.0767440796    79.1703948975    0
1    42.5633087158    79.1746749878    0
1    43.0502223969    79.1781806946    0
1    43.5374202728    79.1809005737    0
1    43.7863082886    79.1361236572    0
1    44.0330562592    79.0913467407    0
1    44.5164947510    79.0925064087    0
1    45.0000000000    79.0928916931    0
1    45.4835052490    79.0925064087    0
1    45.9669437408    79.0913467407    0
1    46.4502429962    79.0894165039    0
1    46.9333343506    79.0867156982    0
1    47.1655769348    79.0392570496    0
1    47.3959579468    78.9918212891    0
1    47.8744106293    78.9876136780    0
1    48.3524646759    78.9826431274    0
1    48.8300533295    78.9769134521    0
1    49.3071079254    78.9704208374    0
1    49.7835636139    78.9631729126    0
1    50.2593593597    78.9551620483    0
1    50.5197505951    78.9963150024    0
1    50.7824935913    79.0374298096    0
1    51.2606868744    79.0278320312    0
1    51.7380046844    79.0174789429    0
1    52.0053405762    79.0573310852    0
1    52.2751331329    79.0971374512    0
1    52.7544212341    79.0851707458    0
1    53.0270957947    79.1241188049    0
1    53.3023090363    79.1630096436    0
1    53.5066680908    79.1109580994    0
1    53.7096691132    79.0589637756    0
1    54.1855010986    79.0447311401    0
1    54.6600608826    79.0297508240    0
1    55.1332836151    79.0140228271    0
1    55.3260345459    78.9607887268    0
1    55.5176239014    78.9076156616    0
1    55.9843101501    78.8905525208    0
1    56.4495277405    78.8727569580    0
1    56.6334419250    78.8187026978    0
1    56.8163394928    78.7647171021    0
1    57.2749252319    78.7456321716    0
1    57.4527530670    78.6910896301    0
1    57.6296577454    78.6366157532    0
1    58.0816078186    78.6162719727    0
1    58.2535076141    78.5612564087    0
1    58.1486644745    78.4722480774    0
1    58.0454387665    78.3832168579    0
1    57.9437923431    78.2941627502    0
1    58.1123905182    78.2394294739    0
1    58.2786426544    78.1844367981    0
1    58.4441165924    78.1295127869    0
1    58.8751983643    78.1079368591    0
1    59.3046855927    78.0856971741    0
1    59.7325344086    78.0627937317    0
1    60.0025024414    78.0951461792    0
1    60.2748069763    78.1273880005    0
1    60.7021961212    78.1029891968    0
1    61.1278038025    78.0779380798    0
1    61.4018154144    78.1089210510    0
1    61.5279121399    78.1965370178    0
1    61.8067016602    78.2272796631    0
1    62.0859794617    78.2575950623    0
1    62.2188644409    78.3449172974    0
1    62.3537673950    78.4321899414    0
1    62.6404914856    78.4621162415    0
1    63.0748710632    78.4340820312    0
1    63.5071086884    78.4053993225    0
1    63.9371757507    78.3760604858    0
1    64.3650398254    78.3460731506    0
1    64.7906684875    78.3154487610    0
1    65.2140388489    78.2841873169    0
1    65.6351089478    78.2522964478    0
1    66.0538673401    78.2197799683    0
1    66.4702835083    78.1866416931    0
1    66.5950164795    78.1273155212    0
1    66.7196731567    78.0680694580    0
1    67.1288719177    78.0339622498    0
1    67.5357055664    77.9992523193    0
1    67.9401550293    77.9639472961    0
1    68.2270927429    77.9879913330    0
1    68.4013557434    78.0718765259    0
1    68.5780944824    78.1556701660    0
1    68.8722572327    78.1791725159    0
1    69.2787361145    78.1418991089    0
1    69.6826286316    78.1040382385    0
1    69.9763374329    78.1262588501    0
1    70.2724685669    78.1482810974    0
1    70.6733093262    78.1089859009    0
1    71.0714721680    78.0691184998    0
1    71.3667984009    78.0898590088    0
1    71.5647048950    78.1716499329    0
1    71.7653808594    78.2533111572    0
1    72.0679893494    78.2734222412    0
1    72.4668426514    78.2315521240    0
1    72.7686271667    78.2508049011    0
1    73.0728530884    78.2698326111    0
1    73.3765983582    78.2884330750    0
1    73.5919990540    78.3687629700    0
1    73.8104095459    78.4489402771    0
1    74.0318946838    78.5289573669    0
1    74.2565040588    78.6088142395    0
1    74.1680145264    78.6710815430    0
1    74.0769233704    78.7332305908    0
1    74.3059883118    78.8130798340    0
1    74.5383605957    78.8927536011    0
1    74.7741050720    78.9722557068    0
1    75.0132942200    79.0515823364    0
1    74.9255905151    79.1141242981    0
1    74.8350906372    79.1765441895    0
1    75.0793075562    79.2558479309    0
1    74.9903259277    79.3184280396    0
1    74.8984375000    79.3808898926    0
1    75.2390022278    79.3976173401    2
1    75.6669197083    79.3512153625    2
1    76.0910758972    79.3042335510    2
1    76.5114860535    79.2566757202    2
1    76.5910530090    79.1936874390    0
1    76.6715354919    79.1307716370    0
1    77.0826454163    79.0824432373    0
1    77.4900894165    79.0335617065    0
1    77.5624122620    78.9703521729    0
1    77.6357040405    78.9072113037    0
1    77.7063827515    78.8439788818    0
1    77.7780227661    78.7808151245    0
1    78.1714210510    78.7310333252    0
1    78.5613174438    78.6807403564    0
1    78.9477195740    78.6299285889    0
1    79.3306503296    78.5786132812    0
1    79.7101135254    78.5267982483    0
1    80.0861282349    78.4744987488    0
1    80.4587135315    78.4217071533    0
1    80.5109367371    78.3579330444    0
1    80.5642700195    78.2942199707    0
1    80.9289169312    78.2408332825    0
1    81.2902374268    78.1869773865    0
1    81.6482353210    78.1326713562    0
1    82.0029373169    78.0779113770    0
1    82.0453796387    78.0139198303    2
1    82.0889854431    77.9499740601    2
1    82.1305274963    77.8859825134    2
1    81.8695068359    77.8130531311    2
1    81.6116180420    77.7398872375    2
1    81.3568153381    77.6664848328    2
1    81.1050567627    77.5928497314    2
1    81.1519966125    77.5291099548    2
1    81.1969757080    77.4653205872    2
1    81.2429580688    77.4015808105    2
1    81.5787887573    77.3474235535    2
1    81.9117164612    77.2928428650    2
1    81.9520378113    77.2289543152    0
1    81.7054901123    77.1559486389    0
1    81.7478179932    77.0921592712    0
1    81.7883377075    77.0283241272    0
1    81.5465393066    76.9551925659    0
1    81.2650222778    76.9455833435    0
1    80.9825744629    76.9356117249    0
1    80.7470474243    76.8617401123    0
1    80.5141792297    76.7876548767    0
1    80.2370567322    76.7769088745    0
1    79.9590950012    76.7658004761    0
1    79.7323722839    76.6910133362    0
1    79.4579391479    76.6794052124    0
1    79.1827239990    76.6674346924    0
1    78.9620704651    76.5919685364    0
1    78.6903762817    76.5795173645    0
1    78.3626632690    76.6298370361    0
1    78.0895385742    76.6166572571    0
1    77.8181953430    76.6032447815    0
1    77.5461769104    76.5894699097    0
1    77.3361511230    76.5125885010    0
1    77.0676918030    76.4983558655    0
1    76.7986183167    76.4837608337    0
1    76.5313186646    76.4689407349    0
1    76.2634391785    76.4537582397    0
1    76.0628814697    76.3758277893    0
1    75.7985420227    76.3602142334    0
1    75.4658317566    76.4066123962    0
1    75.2004585266    76.3902702332    0
1    75.0069885254    76.3114929199    0
1    74.7451591492    76.2947349548    0
1    74.4828758240    76.2776145935    0
1    74.2223548889    76.2602920532    0
1    73.9614105225    76.2426071167    0
1    73.7022285461    76.2247238159    0
1    73.4426612854    76.2064781189    0
1    73.1848526001    76.1880378723    0
1    72.8478393555    76.2307968140    0
1    72.5087242126    76.2730865479    0
1    72.2499122620    76.2535552979    0
1    71.9928817749    76.2338371277    0
1    71.6510772705    76.2749137878    0
1    71.3935089111    76.2544631958    0
1    71.1377334595    76.2338333130    0
1    70.8817253113    76.2128410339    0
1    70.7160415649    76.1308898926    0
1    70.4635887146    76.1095466614    0
1    70.1204566956    76.1484375000    0
1    69.8676567078    76.1263656616    0
1    69.7090454102    76.0437393188    0
1    69.5523262024    75.9610252380    0
1    69.3047790527    75.9384689331    0
1    69.0571212769    75.9155540466    0
1    68.8111877441    75.8924827576    0
1    68.7149696350    75.9523963928    2
1    68.8665733337    76.0356597900    2
1    69.1160697937    76.0587806702    2
1    69.3654670715    76.0815353394    2
1    69.5224418640    76.1643905640    2
1    69.6813240051    76.2471618652    2
1    69.8421401978    76.3298377991    2
1    70.0049362183    76.4124183655    2
1    70.1697425842    76.4949035645    2
1    70.3365859985    76.5772933960    2
1    70.5055084229    76.6595764160    2
1    70.4124603271    76.7203483582    2
1    70.3174819946    76.7809906006    2
1    70.4889259338    76.8633193970    2
1    70.3943481445    76.9241104126    2
1    70.0293731689    76.9629440308    2
1    69.9307937622    77.0234642029    2
1    69.8323860168    77.0840568542    2
1    69.7319335938    77.1445159912    2
1    69.6316413879    77.2050514221    2
1    69.2562675476    77.2427940369    2
1    68.8786621094    77.2799949646    2
1    68.4988403320    77.3166465759    2
1    68.1168174744    77.3527450562    2
1    68.0059585571    77.4125289917    1
1    67.8951339722    77.4723930359    1
1    67.5065879822    77.5076103210    1
1    67.1158409119    77.5422592163    1
1    66.8403282166    77.5169601440    1
1    66.6843757629    77.4322090149    1
1    66.5305252075    77.3473777771    1
1    66.3787422180    77.2624740601    1
1    66.2289848328    77.1774940491    2
1    66.0812149048    77.0924415588    2
1    65.8184509277    77.0662269592    2
1    65.4368209839    77.0983505249    1
1    65.1743240356    77.0713500977    1
1    64.9138679504    77.0442085266    1
1    64.5306854248    77.0749816895    1
1    64.1456832886    77.1051788330    1
1    63.7588729858    77.1347961426    1
1    63.3702812195    77.1638298035    1
1    63.1110324860    77.1347274780    1
1    62.8538265228    77.1055030823    1
1    62.7210102081    77.1627845764    1
1    62.5878467560    77.2201423645    1
1    62.4526176453    77.2772979736    1
1    62.3170185089    77.3345260620    1
1    61.9190540314    77.3613777161    1
1    61.5194034576    77.3876266479    1
1    61.1180896759    77.4132614136    1
1    60.8591651917    77.3818969727    1
1    60.6023349762    77.3504295349    1
1    60.4567317963    77.4065246582    1
1    60.3106021881    77.4626922607    1
1    59.9044876099    77.4864768982    1
1    59.4968338013    77.5096321106    1
1    59.0876750946    77.5321655273    1
1    58.6770458221    77.5540618896    1
1    58.2649784088    77.5753250122    1
1    57.8515090942    77.5959472656    1
1    57.4366741180    77.6159286499    1
1    57.2736873627    77.6702003479    1
1    57.1099128723    77.7245368958    1
1    56.6895294189    77.7433624268    1
1    56.5215091705    77.7971839905    1
1    56.6084041595    77.8866462708    1
1    56.4386558533    77.9405937195    1
1    56.2667236328    77.9942741394    1
1    56.0938835144    78.0480194092    1
1    55.6605033875    78.0652580261    1
1    55.4832458496    78.1184577942    1
1    55.3049983978    78.1717185974    1
1    55.1245193481    78.2247009277    1
1    54.9430065155    78.2777404785    1
1    54.7592334747    78.3304901123    1
1    54.8364009857    78.4205589294    1
1    54.6504497528    78.4734306335    1
1    54.1989517212    78.4883995056    1
1    53.7462997437    78.5026588440    1
1    53.2925434113    78.5162010193    1
1    52.8377380371    78.5290260315    1
1    52.3819351196    78.5411376953    1
1    52.1249027252    78.5014724731    1
1    51.8701000214    78.4617614746    1
1    51.4160480499    78.4723358154    1
1    51.1639556885    78.4318199158    1
1    50.9140205383    78.3912696838    1
1    50.4619598389    78.4003295898    1
1    50.0092163086    78.4086723328    1
1    49.7635669708    78.3669395447    1
1    49.5199813843    78.3251800537    1
1    49.2778720856    78.2830314636    1
1    49.0377731323    78.2408599854    1
1    48.7991638184    78.1983108521    1
1    48.5625095367    78.1557426453    1
1    48.3273544312    78.1127967834    1
1    48.3018169403    78.0215988159    1
1    48.2766685486    77.9304122925    1
1    48.4814338684    77.8822250366    1
1    48.9153347015    77.8763351440    1
1    49.3487854004    77.8697547913    1
1    49.5825462341    77.9116363525    1
1    49.8182086945    77.9534950256    1
1    50.2538776398    77.9454765320    1
1    50.4505729675    77.8956642151    1
1    50.6459560394    77.8458900452    1
1    51.0771255493    77.8365631104    1
1    51.5076045990    77.8265533447    1
1    51.9373474121    77.8158683777    1
1    52.1249179840    77.7648811340    1
1    52.0718917847    77.6742820740    1
1    52.0196475983    77.5836944580    1
1    51.7840671539    77.5439567566    1
1    51.3636531830    77.5544013977    1
1    51.1304054260    77.5139236450    1
1    50.8990058899    77.4734115601    1
1    50.6688022614    77.4325294495    1
1    50.4404048920    77.3916206360    1
1    50.0241413116    77.3999443054    1
1    49.6073474884    77.4076042175    1
1    49.3826560974    77.3656158447    1
1    49.3510208130    77.2746505737    1
1    49.3198394775    77.1836967468    1
1    49.2890987396    77.0927581787    1
1    49.0711765289    77.0506896973    1
1    48.8819274902    77.0992546082    1
1    48.9097690582    77.1902427673    1
1    48.9380092621    77.2812461853    1
1    48.7449760437    77.3298950195    1
1    48.3298625946    77.3355255127    1
1    47.9143981934    77.3404922485    1
1    47.4986267090    77.3447990417    1
1    47.0825939178    77.3484458923    1
1    46.8676548004    77.3043441772    1
1    46.6543140411    77.2602424622    1
1    46.2408866882    77.2625465393    1
1    45.8273296356    77.2641944885    1
1    45.6227474213    77.3102951050    1
1    45.6272926331    77.4015235901    1
1    45.6319046021    77.4927673340    1
1    45.6365833282    77.5840263367    1
1    45.6413364410    77.6753082275    1
1    45.4291801453    77.7214660645    1
1    45.2153930664    77.7672843933    1
1    45.4324188232    77.8127670288    1
1    45.6510505676    77.8579025269    1
1    45.6560192108    77.9492225647    1
1    45.6610660553    78.0405578613    1
1    45.4424362183    78.0867614746    1
1    45.0000000000    78.0871124268    1
1    44.5575637817    78.0867614746    1
1    44.1151790619    78.0857009888    1
1    43.6729030609    78.0839347839    1
1    43.2307834625    78.0814704895    1
1    43.0175056458    78.0342330933    1
1    42.8057994843    77.9870185852    1
1    42.3675270081    77.9831695557    1
1    42.1594505310    77.9352836609    1
1    41.9528675079    77.8874244690    1
1    41.7481021881    77.8392372131    1
1    41.5447788239    77.7910766602    1
1    41.1141242981    77.7852325439    1
1    40.6839122772    77.7787017822    1
1    40.2541847229    77.7714881897    1
1    39.8249950409    77.7635917664    1
1    39.6309051514    77.7138557434    1
1    39.4380931854    77.6641578674    1
1    39.0132522583    77.6549720764    1
1    38.5890731812    77.6451110840    1
1    38.1655941010    77.6345863342    1
1    37.9281082153    77.6742820740    1
1    37.6886844635    77.7139396667    1
1    37.2636737823    77.7019844055    1
1    36.8395175934    77.6893653870    1
1    36.4162616730    77.6760711670    1
1    35.9939460754    77.6621131897    1
1    35.7490978241    77.6998558044    1
1    35.5022220612    77.7375450134    1
1    35.2543487549    77.7748413086    1
1    35.0044059753    77.8120727539    1
1    34.5791435242    77.7958908081    1
1    34.1550388336    77.7790451050    1
1    33.7321338654    77.7615318298    1
1    33.3104705811    77.7433624268    1
1    32.8900871277    77.7245368958    1
1    32.4710216522    77.7050590515    1
1    32.0533161163    77.6849288940    1
1    31.8938083649    77.6300926208    1
1    31.7350215912    77.5753250122    1
1    31.5783405304    77.5203132629    1
1    31.4223451614    77.4653701782    1
1    31.0144605637    77.4436340332    1
1    30.8626184464    77.3882179260    1
1    30.7113962173    77.3328704834    1
1    30.3090791702    77.3100433350    1
1    29.9082393646    77.2865982056    1
1    29.7631616592    77.2305755615    1
1    29.6186103821    77.1746177673    1
1    29.4760770798    77.1184425354    1
1    29.3340415955    77.0623397827    1
1    28.9427795410    77.0374183655    1
1    28.5530490875    77.0119018555    1
1    28.4169731140    76.9551696777    1
1    28.2813091278    76.8985099792    1
1    27.8970737457    76.8719902039    1
1    27.5144176483    76.8448982239    1
1    27.1333656311    76.8172225952    1
1    26.8818063736    76.8464241028    2
1    26.7564601898    76.9330253601    2
1    26.5009622574    76.9619827271    2
1    26.2451839447    76.9905548096    2
1    25.9874000549    77.0190010071    2
1    25.7293691635    77.0470581055    2
1    25.4693107605    77.0749816895    2
1    25.0861330032    77.0442085266    2
1    24.7048025131    77.0128669739    1
1    24.4441919327    77.0396194458    1
2    42.5351753235    76.1136970520    1
2    42.7169666290    76.1611328125    1
2    43.0971641541    76.1644592285    1
2    43.2816600800    76.2113113403    1
2    43.4673500061    76.2581787109    1
2    43.8503932953    76.2603111267    1
2    44.2335395813    76.2618331909    1
2    44.4232234955    76.3078079224    1
2    44.4193267822    76.3988609314    1
2    44.6115550995    76.4448585510    1
2    44.8051185608    76.4905509949    1
2    45.0000000000    76.5362548828    1
2    45.1962146759    76.5816459656    1
2    45.3937835693    76.6270408630    1
2    45.5886268616    76.5810203552    1
2    45.5846252441    76.4899330139    1
2    45.5806732178    76.3988609314    1
2    45.5767765045    76.3078079224    1
2    45.7664604187    76.2618331909    1
2    46.1496067047    76.2603111267    1
2    46.5326499939    76.2581787109    1
2    46.7298641205    76.3023071289    1
2    46.9284439087    76.3464393616    1
2    47.3137474060    76.3430671692    1
2    47.6988430023    76.3390884399    1
2    47.9009876251    76.3822631836    1
2    48.1045627594    76.4254264832    1
2    48.3092994690    76.4682655334    1
2    48.5155010223    76.5110969543    1
2    48.9049625397    76.5051994324    1
2    49.1134567261    76.5473709106    1
2    49.3234672546    76.5895271301    1
2    49.7148094177    76.5823478699    1
2    50.1057128906    76.5745506287    1
2    50.4961395264    76.5661315918    1
2    50.8860549927    76.5571022034    1
2    51.2754249573    76.5474510193    1
2    51.4477748871    76.4970588684    1
2    51.4042797089    76.4065551758    1
2    51.3613643646    76.3160629272    1
2    51.3190193176    76.2255744934    1
2    51.4874439240    76.1753425598    1
2    51.8655166626    76.1647605896    1
2    52.2429866791    76.1535797119    1
2    52.4559822083    76.1928215027    1
2    52.5057888031    76.2830848694    1
2    52.5562591553    76.3733520508    1
2    52.7739791870    76.4124794006    1
2    52.9389381409    76.3610763550    1
2    53.1030006409    76.3097190857    1
2    53.4833660126    76.2965850830    1
2    53.6442222595    76.2447166443    1
2    53.5870742798    76.1547126770    1
2    53.5306739807    76.0647125244    1
2    53.3166484833    76.0264434814    1
2    52.9435577393    76.0393104553    1
2    52.5697860718    76.0515975952    1
2    52.1953659058    76.0632858276    1
2    51.9847965240    76.0236778259    1
2    51.9392948151    75.9333572388    1
2    51.8943786621    75.8430480957    1
2    51.8500385284    75.7527465820    1
2    52.0109539032    75.7021942139    1
2    52.3759860992    75.6908073425    1
2    52.7404212952    75.6788444519    1
2    52.9476356506    75.7176132202    1
2    53.1563129425    75.7563400269    1
2    53.5217266083    75.7431449890    1
2    53.7320022583    75.7812118530    1
2    53.7885532379    75.8711128235    1
2    54.0018482208    75.9090919495    1
2    54.3704032898    75.8945655823    1
2    54.7381763458    75.8794708252    1
2    55.1051406860    75.8637924194    1
2    55.4712696075    75.8475456238    1
2    55.6882572174    75.8838348389    1
2    55.9068183899    75.9200668335    1
2    56.1260585785    75.9559593201    1
2    56.3468971252    75.9917869568    1
2    56.5683975220    76.0272674561    1
2    56.7915229797    76.0626869202    1
2    57.1607418060    76.0438003540    1
2    57.3851318359    76.0785217285    1
2    57.4667568207    76.1674079895    1
2    57.6944789886    76.2019882202    1
2    57.9228038788    76.2362098694    1
2    58.1528358459    76.2703552246    1
2    58.2950477600    76.2155609131    1
2    58.2077884674    76.1269607544    2
2    57.9805679321    76.0930137634    2
2    57.7539253235    76.0587158203    2
2    57.6711025238    75.9699478149    2
2    57.4477519989    75.9355087280    2
2    57.2249965668    75.9007225037    2
2    57.1464500427    75.8118019104    2
2    57.0688896179    75.7228775024    2
2    56.8509006500    75.6878852844    2
2    56.6335182190    75.6525535583    2
2    56.4176769257    75.6171607971    2
2    56.2024593353    75.5814323425    2
2    55.9887599945    75.5456428528    2
2    55.7756996155    75.5095214844    2
2    55.5641326904    75.4733428955    2
2    55.3532199860    75.4368324280    2
2    55.2886905670    75.3474235535    2
2    55.0806941986    75.3108100891    2
2    54.8733634949    75.2738723755    2
2    54.8124809265    75.1843605042    2
2    54.7523345947    75.0948562622    2
2    54.8960266113    75.0424346924    2
2    55.0383377075    74.9897918701    2
2    54.9776210785    74.9003868103    2
2    54.9176292419    74.8109779358    2
2    54.8583469391    74.7215766907    2
2    54.7997627258    74.6321716309    2
2    54.6026973724    74.5951690674    2
2    54.4062595367    74.5578613281    2
2    54.3509330750    74.4683723450    2
2    54.2962493896    74.3788909912    2
2    54.2421951294    74.2894096375    2
2    54.0507965088    74.2519340515    2
2    53.8600215912    74.2141532898    2
2    53.8090248108    74.1245994568    2
2    53.6206684113    74.0867462158    2
2    53.2938060760    74.1000709534    2
2    53.1067161560    74.0616264343    2
2    53.0604743958    73.9719276428    2
2    53.0147552490    73.8822441101    2
2    52.9695491791    73.7925643921    2
2    52.9248447418    73.7028961182    2
2    53.0619831085    73.6518440247    2
2    53.1980056763    73.6005783081    2
2    53.1525707245    73.5110015869    2
2    52.9728202820    73.4726181030    2
2    52.7936744690    73.4339523315    2
2    52.6156082153    73.3952522278    2
2    52.4381561279    73.3562736511    2
2    52.3975181580    73.2665863037    2
2    52.3573207855    73.1769142151    2
2    52.1830215454    73.1378555298    2
2    52.0093326569    73.0985260010    2
2    51.9716148376    73.0088119507    2
2    51.9342994690    72.9191131592    2
2    51.8973789215    72.8294296265    2
2    51.8608474731    72.7397537231    2
2    51.8246994019    72.6500930786    2
2    51.7889270782    72.5604515076    2
2    51.7535285950    72.4708175659    2
2    51.5876960754    72.4313049316    2
2    51.4224452972    72.3915252686    2
2    51.2581233978    72.3517265320    2
2    51.0943870544    72.3116760254    2
2    51.0630493164    72.2219810486    2
2    50.9011287689    72.1818923950    2
2    50.7397956848    72.1415481567    2
2    50.7105560303    72.0518341064    2
2    50.6816120148    71.9621391296    2
2    50.6529598236    71.8724594116    2
2    50.6245918274    71.7827987671    2
2    50.7534923553    71.7335700989    2
2    50.8815460205    71.6841468811    2
2    50.8523445129    71.5945663452    2
2    50.9792919159    71.5452041626    2
2    51.1054019928    71.4956474304    2
2    51.0754051208    71.4061508179    2
2    51.2004451752    71.3566627502    2
2    51.3246631622    71.3069801331    2
2    51.4483642578    71.2573280334    2
2    51.5712451935    71.2074851990    2
2    51.6936187744    71.1576805115    2
2    51.8151798248    71.1076850891    2
2    51.9362449646    71.0577239990    2
2    52.2108306885    71.0466499329    2
2    52.3302726746    70.9963188171    2
2    52.2952442169    70.9071731567    2
2    52.4137420654    70.8569145203    2
2    52.5314407349    70.8064727783    2
2    52.6486797333    70.7560653687    2
2    52.9184398651    70.7439041138    2
2    53.0340862274    70.6931419373    2
2    53.1492919922    70.6424179077    2
2    53.4171028137    70.6294784546    2
2    53.5307178497    70.5784034729    1
2    53.4908790588    70.4896202087    1
2    53.3386306763    70.4518432617    1
2    53.0732479095    70.4646530151    1
2    52.8075141907    70.4770507812    1
2    52.5414428711    70.4890403748    1
2    52.2750453949    70.5006141663    1
2    52.1583957672    70.5507278442    1
2    52.1921272278    70.6398162842    1
2    52.0745601654    70.6900024414    1
2    51.8050632477    70.7008552551    1
2    51.6859397888    70.7506752014    1
2    51.5663356781    70.8005332947    1
2    51.4459495544    70.8502044678    1
2    51.4768257141    70.9394989014    1
2    51.3554534912    70.9892349243    1
2    51.0812473297    70.9989738464    1
2    50.8067607880    71.0082855225    1
2    50.6830215454    71.0574531555    1
2    50.7105598450    71.1469268799    1
2    50.7383651733    71.2364196777    1
2    50.6130428314    71.2856826782    1
2    50.3340511322    71.2942619324    1
2    50.2071208954    71.3431358337    1
2    50.2327556610    71.4327545166    1
2    50.1047134399    71.4816856384    1
2    49.8224964142    71.4894752502    1
2    49.5400428772    71.4968185425    1
2    49.3878326416    71.4553947449    1
2    49.2364196777    71.4139633179    1
2    49.1057472229    71.4620628357    1
2    48.9744853973    71.5101852417    1
2    48.6914081573    71.5162010193    1
2    48.4081516266    71.5217781067    1
2    48.1247272491    71.5269088745    1
2    47.8411483765    71.5315895081    1
2    47.7059783936    71.5786743164    1
2    47.7194881439    71.6686248779    1
2    47.8695850372    71.7114639282    1
2    48.1559906006    71.7067298889    1
2    48.2908649445    71.6591796875    1
2    48.4251098633    71.6116523743    1
2    48.7097682953    71.6060485840    1
2    48.9942455292    71.5999984741    1
2    49.1466636658    71.6416549683    1
2    49.1674270630    71.7314834595    1
2    49.1884002686    71.8213272095    1
2    49.3432674408    71.8629608154    1
2    49.4987468719    71.9043502808    1
2    49.5216045380    71.9941978455    1
2    49.6787719727    72.0355720520    1
2    49.8365516663    72.0766944885    1
2    49.8613643646    72.1665382385    1
2    49.8864288330    72.2564048767    1
2    49.9117546082    72.3462829590    1
2    49.9373455048    72.4361801147    1
2    49.9631996155    72.5261001587    1
2    50.1263046265    72.5671501160    1
2    50.2900447845    72.6079444885    1
2    50.3180217743    72.6978492737    1
2    50.4836273193    72.7386169434    1
2    50.6498737335    72.7791213989    1
2    50.6800518036    72.8690109253    1
2    50.7105522156    72.9589195251    1
2    50.7413787842    73.0488395691    1
2    50.6024112701    73.0983428955    1
2    50.2929859161    73.1069259644    1
2    49.9832515717    73.1150207520    1
2    49.6732234955    73.1226310730    1
2    49.3629207611    73.1297492981    1
2    49.0523605347    73.1363830566    1
2    48.7415618896    73.1425285339    1
2    48.4305438995    73.1481819153    1
2    48.2838382721    73.1958961487    1
2    48.1363830566    73.2436294556    1
2    47.8232784271    73.2483291626    1
2    47.5100078583    73.2525367737    1
2    47.3597373962    73.2995681763    1
2    47.2086772919    73.3466224670    1
2    46.8934001923    73.3498649597    1
2    46.5780105591    73.3526039124    1
2    46.2625217438    73.3548469543    1
2    46.1077823639    73.4009361267    1
2    46.1139354706    73.4913902283    1
2    46.1201572418    73.5818634033    1
2    46.2837352753    73.6262245178    1
2    46.6045169830    73.6239433289    1
2    46.9251995087    73.6211547852    1
2    47.2457599640    73.6178588867    1
2    47.5661811829    73.6140632629    1
2    47.7339363098    73.6571121216    1
2    47.7493591309    73.7475395203    1
2    47.7649555206    73.8379783630    1
2    47.9356975555    73.8810195923    1
2    48.1072673798    73.9237899780    1
2    48.1250896454    74.0142402649    1
2    48.1431159973    74.1047096252    1
2    48.1613540649    74.1951980591    1
2    48.1798019409    74.2857017517    1
2    48.3566379547    74.3284416199    1
2    48.6914176941    74.3228683472    1
2    48.8699626923    74.3650436401    1
2    48.8927898407    74.4555168152    1
2    48.9158897400    74.5460052490    1
2    48.9392623901    74.6365089417    1
2    48.7798461914    74.6848945618    1
2    48.6192760468    74.7330284119    1
2    48.4578075409    74.7811889648    1
2    48.1127452850    74.7863883972    1
2    47.7674560547    74.7910461426    1
2    47.5868835449    74.7477645874    1
2    47.4074363708    74.7044830322    1
2    47.2423439026    74.7515869141    1
2    47.2559185028    74.8422775269    1
2    47.0889091492    74.8894233704    1
2    46.7409934998    74.8924522400    1
2    46.5717315674    74.9390678406    1
2    46.5813694000    75.0298309326    1
2    46.4100875854    75.0764770508    1
2    46.0576591492    75.0784339905    1
2    45.7051506042    75.0798301697    1
2    45.3525886536    75.0806694031    1
2    45.0000000000    75.0809478760    1
2    44.8231639862    75.1262168884    1
2    44.6452293396    75.1714935303    1
2    44.4662094116    75.2164878845    1
2    44.4628734589    75.3073348999    1
2    44.2815876007    75.3523368835    1
2    43.9224529266    75.3509140015    1
2    43.7389869690    75.3953399658    1
2    43.9156551361    75.4417762756    1
2    44.0935058594    75.4879302979    1
2    44.0877323151    75.5788230896    1
2    44.0818862915    75.6697349548    1
2    44.2631111145    75.7159309387    1
2    44.4455490112    75.7618370056    1
2    44.6291561127    75.8077545166    1
2    45.0000000000    75.8080444336    1
2    45.3708438873    75.8077545166    1
2    45.5580520630    75.8527908325    1
2    45.5616989136    75.9437599182    1
2    45.5653953552    76.0347442627    1
2    45.5691375732    76.1257476807    1
2    45.3807010651    76.1717109680    1
2    45.0000000000    76.1720161438    1
2    44.6192989349    76.1717109680    1
2    44.4308624268    76.1257476807    1
2    44.2436561584    76.0797958374    1
2    44.0577297211    76.0335464478    1
2    43.8730030060    75.9873123169    1
2    43.4974880219    75.9852256775    1
2    43.1221027374    75.9825439453    1
2    42.9277248383    76.0263671875    1
2    42.7320213318    76.0701866150    1
2    42.5351753235    76.1136970520    1
3    56.6251392365    72.0474662781    0
3    56.6843338013    72.1357688904    2
3    56.7441253662    72.2240753174    2
3    56.8045253754    72.3123779297    0
3    56.8655395508    72.4006805420    0
3    56.9271774292    72.4889869690    0
3    56.9894504547    72.5772933960    2
3    57.0523681641    72.6655998230    2
3    57.1159381866    72.7539062500    2
3    57.1801738739    72.8422088623    2
3    57.2450828552    72.9305114746    2
3    57.4285831451    72.9650535583    2
3    57.6124858856    72.9993095398    2
3    57.6802940369    73.0875015259    2
3    57.7488231659    73.1756858826    2
3    57.9360904694    73.2097740173    2
3    58.1237525940    73.2435722351    2
3    58.1953086853    73.3316307068    2
3    58.2676372528    73.4196891785    2
3    58.4587860107    73.4533004761    2
3    58.6503181458    73.4866180420    2
3    58.7258071899    73.5745391846    2
3    58.8021202087    73.6624488831    2
3    58.8792705536    73.7503509521    2
3    58.9572696686    73.8382377625    2
3    59.1548957825    73.8712272644    2
3    59.3528976440    73.9039115906    2
3    59.4342880249    73.9916458130    2
3    59.5165843964    74.0793724060    2
3    59.7184200287    74.1118354797    2
3    59.9206199646    74.1439895630    2
3    60.0064582825    74.2315521240    2
3    60.0932674408    74.3190917969    2
3    60.2994422913    74.3510169983    2
3    60.6229934692    74.3268432617    0
3    60.7386741638    74.2708930969    0
3    60.6485233307    74.1836318970    0
3    60.4443359375    74.1521797180    0
3    60.2404804230    74.1204147339    0
3    60.1539478302    74.0329742432    0
3    60.0683708191    73.9455146790    0
3    60.1837062836    73.8900375366    0
3    60.2977695465    73.8343887329    0
3    60.4115085602    73.7787971497    0
3    60.5239925385    73.7230377197    0
3    60.6361675262    73.6673355103    0
3    60.7471008301    73.6114692688    0
3    60.5499191284    73.5801544189    0
3    60.2411785126    73.6041831970    0
3    60.0446186066    73.5722694397    0
3    59.9620456696    73.4848632812    0
3    59.7679119110    73.4528007507    0
3    59.5741100311    73.4204406738    0
3    59.3815002441    73.3880081177    0
3    59.1892356873    73.3552780151    0
3    59.1122817993    73.2675857544    0
3    59.0361423492    73.1798744202    0
3    58.9608058929    73.0921554565    0
3    58.8862552643    73.0044288635    0
3    58.8124828339    72.9166908264    0
3    58.9248676300    72.8620643616    0
3    59.0361480713    72.8072662354    0
3    59.1470928192    72.7525215149    0
3    59.4419040680    72.7302246094    0
3    59.7359352112    72.7074775696    0
3    60.0291748047    72.6842842102    0
3    60.3216133118    72.6606445312    0
3    60.4270763397    72.6050949097    0
3    60.3471965790    72.5180587769    0
3    60.1632080078    72.4864501953    0
3    59.9794998169    72.4545555115    0
3    59.9025573730    72.3673706055    0
3    59.8263854980    72.2801704407    0
3    59.7509708405    72.1929626465    0
3    59.6763000488    72.1057434082    0
3    59.7808551788    72.0507392883    0
3    59.8843936920    71.9955787659    0
3    59.9876537323    71.9404716492    0
3    60.2679347992    71.9169502258    0
3    60.3691844940    71.8615417480    1
3    60.1919002533    71.8300056458    1
3    60.0148754120    71.7982025146    1
3    59.9405651093    71.7111816406    1
3    59.8669719696    71.6241531372    1
3    59.7940826416    71.5371131897    1
3    59.7218914032    71.4500694275    1
3    59.5497169495    71.4179534912    1
3    59.3778133392    71.3855705261    1
3    59.3081855774    71.2983932495    1
3    59.2392177582    71.2112121582    1
3    59.3400096893    71.1565856934    1
3    59.4398841858    71.1018104553    0
3    59.5394935608    71.0470848083    0
3    59.8069248199    71.0243148804    0
3    60.0736942291    71.0011329651    0
3    60.3397998810    70.9775543213    0
3    60.6052265167    70.9535789490    0
3    60.7002964020    70.8981323242    0
3    60.6263809204    70.8116149902    0
3    60.5531368256    70.7250862122    0
3    60.4805622101    70.6385459900    0
3    60.4086456299    70.5519981384    0
3    60.2434024811    70.5206184387    2
3    60.1485633850    70.5756568909    2
3    60.0534954071    70.6307487488    2
3    59.7919006348    70.6538734436    2
3    59.6950874329    70.7086791992    2
3    59.5980281830    70.7635383606    2
3    59.3340454102    70.7859840393    2
3    59.0694389343    70.8080253601    2
3    58.8042182922    70.8296623230    2
3    58.5383949280    70.8508987427    2
3    58.4369316101    70.9050178528    2
3    58.3351802826    70.9591903687    2
3    58.2325420380    71.0132102966    2
3    58.1296024323    71.0672798157    2
3    57.8596305847    71.0874977112    2
3    57.5890808105    71.1073036194    2
3    57.4834556580    71.1609039307    2
3    57.3775024414    71.2145500183    2
3    57.2706489563    71.2680358887    2
3    57.3304290771    71.3559455872    0
3    57.3907833099    71.4438514709    0
3    57.2829113007    71.4974861145    0
3    57.1741104126    71.5509567261    0
3    57.0649566650    71.6044769287    0
3    56.9548664093    71.6578330994    0
3    57.0143947601    71.7459373474    0
3    56.9035758972    71.7993888855    0
3    56.7918014526    71.8526725769    0
3    56.8511734009    71.9408760071    0
3    56.7386436462    71.9942588806    0
3    56.6251392365    72.0474662781    0
4    48.7880077362    69.9388122559    1
4    48.8053321838    70.0282440186    1
4    48.8228168488    70.1177024841    1
4    48.9633712769    70.1594467163    1
4    49.2266674042    70.1530380249    1
4    49.3482017517    70.1049232483    1
4    49.4692287445    70.0568351746    1
4    49.7309646606    70.0496482849    1
4    49.9925022125    70.0420494080    1
4    50.1348800659    70.0826911926    1
4    50.2779598236    70.1233253479    1
4    50.5402545929    70.1148681641    1
4    50.8023185730    70.1060104370    1
4    50.9196224213    70.0567855835    1
4    50.8926601410    69.9676208496    1
4    51.0090370178    69.9184608459    1
4    51.1247100830    69.8691215515    1
4    51.2399311066    69.8198127747    1
4    51.3544521332    69.7703285217    1
4    51.4685306549    69.7208786011    1
4    51.7249450684    69.7105903625    1
4    51.9810924530    69.6999015808    1
4    52.2369575500    69.6888198853    1
4    52.4925346375    69.6773414612    1
4    52.6372489929    69.7157821655    1
4    52.7826766968    69.7542037964    1
4    52.9285106659    69.7923965454    1
4    53.0750694275    69.8305664062    1
4    53.2220287323    69.8685112000    1
4    53.3697204590    69.9064331055    1
4    53.5178089142    69.9441223145    1
4    53.6666431427    69.9817886353    1
4    53.8158683777    70.0192222595    1
4    53.8562221527    70.1078109741    1
4    53.8969478607    70.1964111328    1
4    53.9380435944    70.2850227356    1
4    53.9795188904    70.3736495972    1
4    54.1325836182    70.4109497070    1
4    54.3964633942    70.3965034485    1
4    54.6599445343    70.3816490173    2
4    54.9230136871    70.3663902283    2
4    55.1856575012    70.3507232666    2
4    55.4478721619    70.3346519470    2
4    55.7096462250    70.3181800842    2
4    55.8653259277    70.3538017273    2
4    56.0218124390    70.3893852234    2
4    56.2838172913    70.3720321655    2
4    56.3881797791    70.3191757202    2
4    56.4922122955    70.2663650513    2
4    56.7521228790    70.2482910156    2
4    57.0115413666    70.2298240662    2
4    57.2704620361    70.2109603882    2
4    57.4280738831    70.2451286316    2
4    57.5865001678    70.2792510986    2
4    57.8455009460    70.2595062256    2
4    57.9449596405    70.2057304382    2
4    57.8859443665    70.1183204651    2
4    57.8274517059    70.0309181213    0
4    57.6708679199    69.9971427917    0
4    57.5145683289    69.9631271362    0
4    57.4581832886    69.8756332397    0
4    57.4022979736    69.7881469727    0
4    57.2483539581    69.7540016174    0
4    56.9953765869    69.7728080750    0
4    56.8420181274    69.7381896973    0
4    56.6894283295    69.7035331726    0
4    56.4365825653    69.7214813232    0
4    56.2846031189    69.6863517761    0
4    56.1333827972    69.6511878967    0
4    55.9824790955    69.6157875061    0
4    55.8323230743    69.5803527832    0
4    55.5803012848    69.5969810486    0
4    55.4307956696    69.5610847473    0
4    55.2820301056    69.5251541138    0
4    55.0302619934    69.5409355164    0
4    54.8821697235    69.5045433044    0
4    54.7348041534    69.4681243896    0
4    54.5877857208    69.4314765930    0
4    54.4414882660    69.3947982788    0
4    54.2955398560    69.3578948975    0
4    54.1503009796    69.3209609985    2
4    53.9002532959    69.3349914551    2
4    53.6498603821    69.3486404419    2
4    53.3991336823    69.3619003296    2
4    53.1480865479    69.3747787476    2
4    53.0046901703    69.3367233276    2
4    52.8619861603    69.2986488342    0
4    52.6113967896    69.3106880188    0
4    52.4694709778    69.2721710205    0
4    52.3282279968    69.2336387634    0
4    52.1873798370    69.1948852539    0
4    52.1560459137    69.1061782837    0
4    52.0165348053    69.0673904419    0
4    51.8774204254    69.0283851624    0
4    51.7389640808    68.9893684387    2
4    51.4915428162    68.9996643066    2
4    51.2438793182    69.0095748901    2
4    51.1332206726    69.0587654114    2
4    51.1600303650    69.1476402283    2
4    51.1870784760    69.2365379333    2
4    51.0751590729    69.2858276367    2
4    50.9625778198    69.3349456787    2
4    50.9890041351    69.4239234924    2
4    51.0156631470    69.5129241943    2
4    50.9017772675    69.5621376038    2
4    50.6468734741    69.5711441040    2
4    50.5316352844    69.6199989319    2
4    50.4159431458    69.6688880920    2
4    50.2995738983    69.7175979614    2
4    50.1827392578    69.7663345337    2
4    50.0652256012    69.8148918152    2
4    50.0882339478    69.9041366577    2
4    49.9697666168    69.9527549744    2
4    49.7094097137    69.9603157043    1
4    49.4488563538    69.9674682617    1
4    49.3086433411    69.9261589050    1
4    49.1691055298    69.8848419189    2
4    48.9093704224    69.8911552429    2
4    48.7880077362    69.9388122559    1
5    42.8649730682    69.1619377136    1
5    42.8555755615    69.2512969971    1
5    42.8460960388    69.3406791687    1
5    42.8365306854    69.4300804138    1
5    42.9591312408    69.4764900208    1
5    43.2140655518    69.4794769287    1
5    43.4690666199    69.4820709229    1
5    43.5934753418    69.5279006958    1
5    43.7184238434    69.5737457275    1
5    43.8491306305    69.5298957825    1
5    43.9792423248    69.4860534668    1
5    44.1088085175    69.4420089722    1
5    44.2377929688    69.3979721069    1
5    44.4918441772    69.3989639282    1
5    44.7459163666    69.3995590210    1
5    45.0000000000    69.3997573853    1
5    45.2540836334    69.3995590210    1
5    45.5081558228    69.3989639282    1
5    45.7622070312    69.3979721069    1
5    45.8872470856    69.3525466919    1
5    45.8833408356    69.2631111145    1
5    46.0072994232    69.2177162170    1
5    46.2590522766    69.2159500122    1
5    46.3818607330    69.1701698303    1
5    46.5041446686    69.1244087219    1
5    46.7546920776    69.1218643188    1
5    46.8758201599    69.0757255554    1
5    46.9964389801    69.0296058655    1
5    47.1164779663    68.9832954407    1
5    47.2360191345    68.9370079041    1
5    47.4841709137    68.9333305359    1
5    47.6025505066    68.8866729736    2
5    47.7204437256    68.8400344849    2
5    47.8377571106    68.7932167053    2
5    47.8255977631    68.7040328979    2
5    47.9419612885    68.6572608948    2
5    48.0577507019    68.6103057861    2
5    48.1730766296    68.5633735657    2
5    48.2878303528    68.5162620544    2
5    48.4021301270    68.4691734314    2
5    48.6445045471    68.4636917114    2
5    48.8867511749    68.4578323364    2
5    49.0162849426    68.4992103577    2
5    49.1464023590    68.5405845642    2
5    49.2588272095    68.4927749634    2
5    49.3708171844    68.4449882507    2
5    49.6126194000    68.4380035400    2
5    49.7234344482    68.3898735046    2
5    49.5931987762    68.3490982056    2
5    49.4633846283    68.3081207275    2
5    49.3341503143    68.2671394348    0
5    49.2053394318    68.2259559631    0
5    49.0770988464    68.1847724915    2
5    48.9658241272    68.2323074341    2
5    48.8541202545    68.2798690796    2
5    48.6138954163    68.2856788635    2
5    48.3735446930    68.2911109924    2
5    48.2464771271    68.2491302490    2
5    48.2329216003    68.1601371765    2
5    48.1069641113    68.1181602478    2
5    47.9814472198    68.0759849548    2
5    47.9690990448    67.9870185852    2
5    47.8446674347    67.9448509216    2
5    47.6079540253    67.9490890503    0
5    47.4947013855    67.9955139160    2
5    47.5050830841    68.0845146179    2
5    47.3909301758    68.1309814453    2
5    47.2762393951    68.1772689819    2
5    47.2857933044    68.2663421631    2
5    47.2954273224    68.3554382324    2
5    47.1793460846    68.4017868042    2
5    47.0627174377    68.4479560852    2
5    46.9456138611    68.4941482544    2
5    46.8279590607    68.5401573181    2
5    46.7098217010    68.5861816406    2
5    46.5911331177    68.6320228577    2
5    46.5979576111    68.7212600708    2
5    46.4782791138    68.7671394348    2
5    46.3580436707    68.8128318787    2
5    46.2373027802    68.8585395813    2
5    45.9898967743    68.8602752686    2
5    45.7424564362    68.8616294861    2
5    45.4949855804    68.8625946045    2
5    45.3720436096    68.9075469971    2
5    45.2485713959    68.9525108337    2
5    45.0000000000    68.9527015686    2
5    44.8754444122    68.9972801208    2
5    44.7503452301    69.0418701172    2
5    44.5007019043    69.0412826538    2
5    44.2510738373    69.0403099060    2
5    44.0014762878    69.0389480591    2
5    43.7519168854    69.0371971130    2
5    43.6241722107    69.0807991028    2
5    43.4958553314    69.1244087219    2
5    43.2453079224    69.1218643188    2
5    42.9948310852    69.1189346313    2
5    42.8649730682    69.1619377136    1
6    38.7006759644    68.7826461792    2
6    38.6735076904    68.8714218140    1
6    38.6461086273    68.9602127075    1
6    38.7561206818    69.0095748901    1
6    39.0040187836    69.0191001892    1
6    39.2521438599    69.0282402039    1
6    39.3885402679    68.9881515503    1
6    39.4127807617    68.8992309570    1
6    39.4368171692    68.8103294373    1
6    39.5713233948    68.7702102661    1
6    39.8167057037    68.7784690857    1
6    39.9503650665    68.7379302979    1
6    40.0834121704    68.6973876953    1
6    40.2160301208    68.6566352844    1
6    40.3480453491    68.6158752441    1
6    40.5918922424    68.6229248047    1
6    40.7230415344    68.5817565918    1
6    40.8535976410    68.5405845642    1
6    40.9837150574    68.4992103577    1
6    41.0006771088    68.4102210999    1
6    41.1296329498    68.3688392639    1
6    41.2581539154    68.3272590637    1
6    41.3861045837    68.2856788635    1
6    41.6264553070    68.2911109924    1
6    41.8669223785    68.2961692810    1
6    41.9808807373    68.3430328369    1
6    41.9681110382    68.4320983887    1
6    42.0829792023    68.4790077209    1
6    42.1984119415    68.5257415771    1
6    42.1864585876    68.6148757935    1
6    42.1744022369    68.7040328979    1
6    42.1622428894    68.7932167053    1
6    42.2795562744    68.8400344849    1
6    42.5265464783    68.8440818787    1
6    42.6551589966    68.8012886047    2
6    42.6652088165    68.7120704651    2
6    42.6751766205    68.6228752136    2
6    42.8020839691    68.5800971985    2
6    42.9285125732    68.5371208191    2
6    42.9372825623    68.4479560852    2
6    43.0626068115    68.4049911499    2
6    43.1874561310    68.3618316650    2
6    43.0707588196    68.3158607483    0
6    42.9546012878    68.2697105408    0
6    42.8389110565    68.2235794067    0
6    42.7237606049    68.1772689819    0
6    42.7332344055    68.0882263184    0
6    42.6189994812    68.0419578552    0
6    42.5052986145    67.9955139160    0
6    42.5155944824    67.9065322876    0
6    42.5258064270    67.8175773621    0
6    42.6483020782    67.7750282288    0
6    42.7703571320    67.7322921753    0
6    42.7794475555    67.6433715820    0
6    42.7884654999    67.5544815063    0
6    42.6768913269    67.5083351135    0
6    42.5658245087    67.4620170593    0
6    42.4551849365    67.4157180786    0
6    42.3450527191    67.3692512512    0
6    42.3556976318    67.2804679871    0
6    42.2464008331    67.2340431213    0
6    42.1261291504    67.2761917114    2
6    42.1145629883    67.3649559021    2
6    41.9932765961    67.4071083069    2
6    41.8715744019    67.4490737915    2
6    41.8588829041    67.5378684998    2
6    41.8460884094    67.6266899109    2
6    41.8331890106    67.7155342102    2
6    41.8201828003    67.8044052124    2
6    41.8070716858    67.8933029175    2
6    41.6822052002    67.9352760315    2
6    41.5569076538    67.9770545959    2
6    41.4310646057    68.0188369751    2
6    41.1938152313    68.0131072998    2
6    41.0671195984    68.0544929504    2
6    41.0507164001    68.1433906555    2
6    40.9229011536    68.1847724915    2
6    40.7946605682    68.2259559631    2
6    40.6658496857    68.2671394348    2
6    40.5366153717    68.3081207275    2
6    40.4068012238    68.3490982056    2
6    40.2765655518    68.3898735046    2
6    40.1457424164    68.4306411743    2
6    40.0145015717    68.4712066650    2
6    39.8826618195    68.5117645264    2
6    39.6403675079    68.5036163330    2
6    39.5076999664    68.5437622070    2
6    39.3744258881    68.5839004517    2
6    39.2407436371    68.6238327026    2
6    39.1064453125    68.6637496948    2
6    38.9717388153    68.7034568787    2
6    38.8364086151    68.7431564331    2
6    38.7006759644    68.7826461792    2
7    35.5377826691    76.3059768677    1
7    35.6961994171    76.3583908081    1
7    36.0774898529    76.3728141785    1
7    36.4595775604    76.3866386414    1
7    36.8424301147    76.3998641968    1
7    37.2260208130    76.4124794006    1
7    37.6103115082    76.4244995117    1
7    37.7784862518    76.4753837585    1
7    37.9476127625    76.5263099670    1
7    38.3357868195    76.5371818542    1
7    38.7245750427    76.5474510193    1
7    39.1139450073    76.5571022034    1
7    39.5038604736    76.5661315918    1
7    39.6809616089    76.6156959534    1
7    39.6442394257    76.7064170837    1
7    39.8235111237    76.7560501099    1
7    40.2197799683    76.7639579773    1
7    40.4022483826    76.8130187988    1
7    40.3700103760    76.9038696289    1
7    40.3373184204    76.9947357178    1
7    40.5232849121    77.0438957214    1
7    40.7412071228    77.0018272400    1
7    40.7710895538    76.9109115601    1
7    40.8005542755    76.8200073242    1
7    40.8296127319    76.7291145325    1
7    40.8582725525    76.6382369995    1
7    40.6765327454    76.5895271301    1
7    40.4963264465    76.5405273438    1
7    40.3172302246    76.4915580750    1
7    40.1396579742    76.4423103333    1
7    40.1723403931    76.3515701294    1
7    40.2045898438    76.2608413696    1
7    40.4107952118    76.2192764282    1
7    40.6159477234    76.1773834229    1
7    40.6448688507    76.0866317749    1
7    40.6734104156    75.9958877563    1
7    40.5007019043    75.9471054077    1
7    40.1274967194    75.9396743774    1
7    39.7547073364    75.9316520691    1
7    39.3823604584    75.9230384827    1
7    39.2153224945    75.8731842041    1
7    39.0492286682    75.8233642578    1
7    38.8448963165    75.8637199402    1
7    38.6391239166    75.9040489197    1
7    38.4324321747    75.9440536499    1
7    38.2242717743    75.9840316772    1
7    37.8516368866    75.9730033875    1
7    37.4796066284    75.9613876343    1
7    37.2687835693    76.0003700256    1
7    37.0564422607    76.0393104553    1
7    36.8432483673    76.0779190063    1
7    36.6285076141    76.1164855957    1
7    36.4129257202    76.1547126770    1
7    36.1957645416    76.1928977966    1
7    35.9777793884    76.2307395935    1
7    35.7581863403    76.2685317993    1
7    35.5377826691    76.3059768677    1
8    35.4676017761    65.5576515198    2
8    35.5552101135    65.6085395813    2
8    35.6433238983    65.6592979431    2
8    35.6083793640    65.7464904785    2
8    35.5731773376    65.8337059021    2
8    35.5377101898    65.9209365845    2
8    35.5019798279    66.0081901550    2
8    35.5913600922    66.0591392517    2
8    35.6812648773    66.1099548340    2
8    35.7714309692    66.1608085632    2
8    35.8968143463    66.1241188049    2
8    36.0216712952    66.0874137878    2
8    36.2372150421    66.1010627747    2
8    36.4530086517    66.1143798828    2
8    36.5770549774    66.0770988464    1
8    36.7005825043    66.0398025513    1
8    36.8238315582    66.0023155212    1
8    36.9465694427    65.9648132324    1
8    37.1614875793    65.9770431519    2
8    37.2836608887    65.9391632080    2
8    37.4053306580    65.9012680054    2
8    37.6198940277    65.9127960205    2
8    37.7409839630    65.8745269775    2
8    37.8615779877    65.8362464905    2
8    38.0757617950    65.8470726013    2
8    38.2901401520    65.8575630188    2
8    38.5047054291    65.8677330017    2
8    38.7194557190    65.8775711060    2
8    38.9343852997    65.8870811462    2
8    39.0531578064    65.8476905823    2
8    39.1714496613    65.8082962036    2
8    39.2894268036    65.7687187195    2
8    39.1932525635    65.7203559875    0
8    39.0975532532    65.6718482971    0
8    39.0021648407    65.6233711243    0
8    38.7896022797    65.6139755249    0
8    38.5772113800    65.6042556763    0
8    38.3649959564    65.5942115784    0
8    38.1529636383    65.5838394165    0
8    37.9411201477    65.5731506348    0
8    37.7294712067    65.5621299744    0
8    37.5180206299    65.5507926941    0
8    37.3067760468    65.5391273499    2
8    37.0957393646    65.5271453857    2
8    36.8849201202    65.5148391724    2
8    36.6743221283    65.5022087097    0
8    36.5535449982    65.5394134521    0
8    36.4322738647    65.5766029358    0
8    36.2213783264    65.5632820129    0
8    36.0107212067    65.5496406555    0
8    35.8003082275    65.5356788635    2
8    35.5901470184    65.5214004517    2
8    35.4676017761    65.5576515198    2
9    42.9928035736    70.4184417725    1
9    42.9833869934    70.5081405640    1
9    43.1132812500    70.5545845032    1
9    43.2438488007    70.6008262634    1
9    43.2355308533    70.6905860901    1
9    43.3672981262    70.7368659973    1
9    43.4997482300    70.7829360962    1
9    43.6328105927    70.8290214539    1
9    43.7665557861    70.8749008179    1
9    43.7606277466    70.9647560120    1
9    43.8956336975    71.0106658936    1
9    44.0313301086    71.0563659668    1
9    44.1676692963    71.1020812988    1
9    44.4450912476    71.1031684875    1
9    44.7225379944    71.1038208008    1
9    45.0000000000    71.1040420532    1
9    45.2774620056    71.1038208008    1
9    45.4171924591    71.1484527588    1
9    45.4192256927    71.2383956909    1
9    45.4212837219    71.3283538818    1
9    45.5630893707    71.3730163574    1
9    45.8446006775    71.3719100952    1
9    45.9829139709    71.3261489868    1
9    45.9781188965    71.2361984253    1
9    45.9733734131    71.1462707520    1
9    45.9686698914    71.0563659668    1
9    45.9640159607    70.9664840698    1
9    45.9594039917    70.8766212463    1
9    45.8204135895    70.8324508667    1
9    45.5469627380    70.8335266113    1
9    45.2734870911    70.8341712952    1
9    45.1364173889    70.7893524170    1
9    45.0000000000    70.7445449829    1
9    44.8642292023    70.6995239258    1
9    44.7290992737    70.6545143127    1
9    44.5946140289    70.6092948914    1
9    44.4607582092    70.5640869141    1
9    44.1911678314    70.5630302429    1
9    44.0586090088    70.5174064636    1
9    43.9266624451    70.4717979431    1
9    43.6584167480    70.4699058533    1
9    43.5277767181    70.4238891602    1
9    43.3977298737    70.3778877258    1
9    43.1308612823    70.3751678467    1
9    42.9928035736    70.4184417725    1
10    18.4352159500    76.5396118164    1
10    18.2591962814    76.6210289001    2
10    18.3462553024    76.6822433472    2
10    18.4352235794    76.7433395386    2
10    18.5239162445    76.8045082092    2
10    18.6145563126    76.8655548096    2
10    18.4352331161    76.9471511841    2
10    18.5253200531    77.0083427429    2
10    18.6174163818    77.0694084167    2
10    18.7092370987    77.1305503845    2
10    18.8031063080    77.1915664673    2
10    18.8967065811    77.2526588440    2
10    18.9923992157    77.3136177063    2
10    19.0878314972    77.3746528625    2
10    19.4643669128    77.4142532349    2
10    19.7435655594    77.3925514221    2
10    19.9206943512    77.3099784851    2
10    20.1956291199    77.2879104614    2
10    20.4707345963    77.2654418945    2
10    20.7437334061    77.2427940369    2
10    21.0168600082    77.2197494507    2
10    21.1833076477    77.1363639832    1
10    21.0786266327    77.0762748718    1
10    20.7071285248    77.0390281677    1
10    20.3377923965    77.0012512207    1
10    19.9706296921    76.9629440308    1
10    19.6056509018    76.9241104126    1
10    19.5110712051    76.8633193970    1
10    19.4162855148    76.8026046753    1
10    19.3234529495    76.7417602539    1
10    19.2304048538    76.6809883118    1
10    19.1392745972    76.6200904846    1
10    19.0479202271    76.5592651367    1
10    18.6967058182    76.5191497803    1
10    18.4352159500    76.5396118164    1
11    60.5240306854    70.3550567627    2
11    60.6886291504    70.3862457275    0
11    60.9454784393    70.3617897034    0
11    61.2016696930    70.3369483948    0
11    61.4571990967    70.3117218018    0
11    61.6225776672    70.3419075012    0
11    61.7888145447    70.3720245361    0
11    62.0440216064    70.3459167480    0
11    62.2985305786    70.3194274902    0
11    62.5523414612    70.2925605774    0
11    62.7192268372    70.3216743469    0
11    62.8006134033    70.4071311951    0
11    62.9692325592    70.4361000061    0
11    63.2236175537    70.4082221985    0
11    63.4772644043    70.3799705505    0
11    63.5611495972    70.3231391907    0
11    63.4767684937    70.2380752563    0
11    63.5604133606    70.1813507080    0
11    63.6432037354    70.1245079041    0
11    63.4766483307    70.0963211060    2
11    63.2266921997    70.1245536804    0
11    63.0603828430    70.0958671570    0
11    62.8949184418    70.0671081543    2
11    62.6445121765    70.0944709778    2
11    62.3934078217    70.1214637756    2
11    62.1416130066    70.1480789185    2
11    61.8891334534    70.1743202209    2
11    61.6359748840    70.2001876831    2
11    61.3821487427    70.2256736755    2
11    61.2178039551    70.1951713562    2
11    61.0543003082    70.1646041870    2
11    60.9635047913    70.2200279236    2
11    60.8725128174    70.2755050659    2
11    60.6167182922    70.2998504639    2
11    60.5240306854    70.3550567627    2
12    58.3834495544    76.3041458130    1
12    58.4730091095    76.3927116394    1
12    58.5637550354    76.4812660217    1
12    58.7996387482    76.5148162842    1
12    59.1782226562    76.4927940369    1
12    59.4152050018    76.5256118774    1
12    59.5131359100    76.6138229370    1
12    59.6123771667    76.7020072937    1
12    59.8548698425    76.7345542908    1
12    60.0978736877    76.7667274475    1
12    60.3427696228    76.7988052368    1
12    60.5881519318    76.8305053711    1
12    60.8354492188    76.8621063232    1
12    61.2203807831    76.8369407654    1
12    61.6038150787    76.8111877441    1
12    61.7371368408    76.7543945312    1
12    61.6233940125    76.6671028137    2
12    61.5111465454    76.5797805786    2
12    61.2682151794    76.5490036011    2
12    60.8916988373    76.5742340088    2
12    60.6496086121    76.5427093506    2
12    60.4093551636    76.5110893250    2
12    60.1695632935    76.4791030884    2
12    59.9315814972    76.4470176697    2
12    59.6940860748    76.4145660400    2
12    59.4583759308    76.3820266724    2
12    59.2231769562    76.3491210938    2
12    59.1290283203    76.2608451843    2
12    58.8973236084    76.2277717590    2
12    58.5256614685    76.2493515015    1
12    58.3834495544    76.3041458130    1
13    24.7304239273    81.3560142517    2
13    24.9112796783    81.4150314331    2
13    25.4909677505    81.4461288452    0
13    26.0748414993    81.4763526917    0
13    26.6628255844    81.5056877136    0
13    27.2548360825    81.5341262817    0
13    27.4591684341    81.5916976929    0
13    27.6643390656    81.6493721008    0
13    28.2698926926    81.6762733459    0
13    28.6644277573    81.6452102661    0
13    29.0541477203    81.6139755249    0
13    29.4427576065    81.5821380615    0
13    29.6092176437    81.4936370850    0
13    29.3929481506    81.4372367859    1
13    28.8008298874    81.4120788574    1
13    28.5936689377    81.3550300598    1
13    28.3874797821    81.2980766296    1
13    27.8078861237    81.2713890076    1
13    27.4292039871    81.3013801575    1
13    27.0460424423    81.3311882019    1
13    26.4685945511    81.3024482727    1
13    26.0840816498    81.3310890198    1
13    25.6950273514    81.3595314026    1
13    25.1204080582    81.3287506104    1
13    24.7304239273    81.3560142517    2
14    31.3496122360    60.7062931061    2
14    31.3077735901    60.7904758453    2
14    31.2656831741    60.8746776581    2
14    31.2233371735    60.9588928223    2
14    31.1807355881    61.0431251526    2
14    31.1378736496    61.1273708344    2
14    31.2035446167    61.1799163818    2
14    31.3782711029    61.2004871368    2
14    31.5532560349    61.2208042145    2
14    31.6616840363    61.1885986328    2
14    31.7030467987    61.1041450500    2
14    31.8107194901    61.0718879700    2
14    31.9182662964    61.0394687653    2
14    32.0254402161    61.0070247650    2
14    32.1324844360    60.9744205475    2
14    32.1721057892    60.8898811340    2
14    32.1051845551    60.8380126953    2
14    32.0386285782    60.7860527039    2
14    31.9721994400    60.7341346741    2
14    31.7999448776    60.7144775391    2
14    31.6279325485    60.6945705414    2
14    31.4561662674    60.6744136810    2
14    31.3496122360    60.7062931061    2
15    63.3004531860    71.4883079529    0
15    63.4799213409    71.5168647766    0
15    63.7486343384    71.4881324768    0
15    63.9283714294    71.5161514282    0
15    64.1090927124    71.5440826416    0
15    64.3771934509    71.5144157410    0
15    64.6444091797    71.4843482971    0
15    64.7296905518    71.4267730713    0
15    64.5496215820    71.3995590210    0
15    64.2834930420    71.4294776917    0
15    64.1036357880    71.4017295837    0
15    63.9247512817    71.3738937378    0
15    63.7459888458    71.3457908630    0
15    63.5681953430    71.3176078796    0
15    63.4793624878    71.3745117188    0
15    63.3903942108    71.4314727783    0
15    63.3004531860    71.4883079529    0
16    25.7635717392    80.6340599060    2
16    25.9369897842    80.6925163269    1
16    26.4746799469    80.7220687866    1
16    27.0157718658    80.7508049011    1
16    27.3749208450    80.7210655212    1
16    27.7301340103    80.6911582947    1
16    28.0846271515    80.6607055664    1
16    28.2475109100    80.5729179382    1
16    28.0605382919    80.5158386230    2
16    27.5297412872    80.4887123108    2
16    27.1815052032    80.5184173584    2
16    26.8294963837    80.5479545593    2
16    26.4769077301    80.5769538879    2
16    26.1204853058    80.6057777405    2
16    25.7635717392    80.6340599060    2
17    17.4287872314    73.6535720825    1
17    17.4967546463    73.7146720886    1
17    17.7837028503    73.7562789917    1
17    18.0721368790    73.7974853516    1
17    18.2902631760    73.7774658203    1
17    18.4351310730    73.6965408325    1
17    18.3629693985    73.6358451843    1
17    18.2920675278    73.5750541687    1
17    18.2209815979    73.5143241882    1
17    18.0070238113    73.5341796875    1
17    17.8614749908    73.6147689819    1
17    17.6450233459    73.6343231201    1
17    17.4287872314    73.6535720825    1
18    32.3288974762    75.9699478149    1
18    32.4710597992    76.0243453979    1
18    32.8392581940    76.0438003540    1
18    33.0630264282    76.0087318420    1
18    33.2851638794    75.9735946655    1
18    33.6531028748    75.9917869568    1
18    33.8739414215    75.9559593201    1
18    33.7265605927    75.9025688171    1
18    33.3608741760    75.8844985962    1
18    32.9961471558    75.8658638000    1
18    32.7750034332    75.9007225037    1
18    32.5522480011    75.9355087280    1
18    32.3288974762    75.9699478149    1
19    42.3606071472    77.0237731934    1
19    42.3417816162    77.1148605347    1
19    42.3226852417    77.2059631348    1
19    42.5193920135    77.2536582947    1
19    42.9324302673    77.2572784424    1
19    43.3456859589    77.2602424622    1
19    43.5576229095    77.2158012390    1
19    43.5679225922    77.1246223450    1
19    43.3692226410    77.0779075623    1
19    43.1720542908    77.0308799744    1
19    42.9762306213    76.9838676453    1
19    42.5719203949    76.9803276062    1
19    42.3606071472    77.0237731934    1
20    44.8344078064    74.1282653809    1
20    45.0000000000    74.1737098694    1
20    45.1665554047    74.2188911438    1
20    45.1675300598    74.3095436096    1
20    45.3360443115    74.3547439575    1
20    45.6720676422    74.3539466858    1
20    45.8375911713    74.3079528809    1
20    45.6681480408    74.2632942200    1
20    45.4996547699    74.2183647156    1
20    45.4967670441    74.1277427673    1
20    45.3302326202    74.0828285217    1
20    45.0000000000    74.0830879211    1
20    44.8344078064    74.1282653809    1
21    31.9353961945    70.3805503845    2
21    31.8747549057    70.4679641724    2
21    31.8135595322    70.5553741455    2
21    31.9141588211    70.6093444824    1
21    32.0762262344    70.5756530762    1
21    32.1362857819    70.4881477356    1
21    32.2966651917    70.4543609619    1
21    32.4567470551    70.4203262329    1
21    32.3553485870    70.3668060303    1
21    32.0952320099    70.3469657898    1
21    31.9353961945    70.3805503845    2
22    46.0025672913    71.6861724854    1
22    46.1486415863    71.7304153442    1
22    46.2954044342    71.7744255066    1
22    46.4429225922    71.8184394836    1
22    46.5831375122    71.7721595764    1
22    46.5752258301    71.6821212769    1
22    46.5673923492    71.5921058655    1
22    46.4214477539    71.5483360291    1
22    46.2825183868    71.5943450928    1
22    46.1429138184    71.6403694153    1
22    46.0025672913    71.6861724854    1
23    55.4051609039    69.0171051025    2
23    55.5506553650    69.0529670715    0
23    55.6964607239    69.0886077881    0
23    55.8429737091    69.1242141724    0
23    55.9421329498    69.0718307495    0
23    55.8948802948    68.9840774536    2
23    55.7494716644    68.9486312866    2
23    55.5051116943    68.9651069641    2
23    55.4051609039    69.0171051025    2
24    73.6991271973    73.4828605652    0
24    73.8526191711    73.5621795654    0
24    74.0703353882    73.5798950195    0
24    74.3492546082    73.5357284546    0
24    74.4095191956    73.4740753174    0
24    74.2541618347    73.3952026367    2
24    74.0394439697    73.3777618408    2
24    73.7623901367    73.4214820862    0
24    73.6991271973    73.4828605652    0
25    31.6436643600    73.1348495483    1
25    31.7593851089    73.1893005371    1
25    32.0639095306    73.2097740173    1
25    32.2511768341    73.1756858826    1
25    32.1335735321    73.1216468811    1
25    31.8305730820    73.1012840271    1
25    31.6436643600    73.1348495483    1
26    37.5956058502    69.0948524475    2
26    37.7037773132    69.1449508667    1
26    37.9527969360    69.1561126709    1
26    38.0925731659    69.1171226501    1
26    37.9834651947    69.0673904419    1
26    37.7355060577    69.0562820435    2
26    37.5956058502    69.0948524475    2
27    21.0213737488    73.6396102905    1
27    21.1028060913    73.6993865967    1
27    21.3154935837    73.6761856079    1
27    21.2327270508    73.6165847778    1
27    21.0213737488    73.6396102905    1
28    21.1855182648    73.7590484619    1
28    21.2681713104    73.8187751770    1
28    21.4822053909    73.7953948975    1
28    21.3982057571    73.7358474731    1
28    21.1855182648    73.7590484619    1
29    21.6514215469    73.9145011902    1
29    21.7366437912    73.9740600586    1
29    21.9520730972    73.9501800537    1
29    21.8654985428    73.8908042908    1
29    21.6514215469    73.9145011902    1
30    25.1199703217    79.0381164551    2
30    25.2645120621    79.0967407227    2
30    25.5736646652    79.0688896179    2
30    25.4265575409    79.0105667114    2
30    25.1199703217    79.0381164551    2
31    39.8217658997    75.2484016418    1
31    39.9837112427    75.2977561951    1
31    40.1771392822    75.2563209534    1
31    40.0148067474    75.2072525024    1
31    39.8217658997    75.2484016418    1
32    50.0306148529    76.8961944580    1
32    50.2492523193    76.9375877380    1
32    50.4307460785    76.8878822327    1
32    50.2126178741    76.8468132019    1
32    50.0306148529    76.8961944580    1
33    56.5064163208    76.8668174744    1
33    56.7438240051    76.9023513794    1
33    56.8988285065    76.8483276367    1
33    56.6625347137    76.8130950928    1
33    56.5064163208    76.8668174744    1
34    63.1181945801    76.8464241028    1
34    63.3717079163    76.8755035400    1
34    63.4979095459    76.8177909851    1
34    63.2460613251    76.7889747620    1
34    63.1181945801    76.8464241028    1
35    60.3373756409    70.4654426575    2
35    60.5026187897    70.4968223572    0
35    60.5957298279    70.4415092468    0
35    60.4311313629    70.4103202820    2
35    60.3373756409    70.4654426575    2
36    74.7132339478    79.5058479309    0
36    75.0575942993    79.5227813721    2
36    75.1478919983    79.4601593018    2
36    74.8073272705    79.4434318542    0
36    74.7132339478    79.5058479309    0
37    66.2781829834    70.4698600769    0
37    66.4523086548    70.4953460693    2
37    66.5277557373    70.4371070862    2
37    66.3544845581    70.4117851257    0
37    66.2781829834    70.4698600769    0
38    74.2434349060    72.4649391174    0
38    74.4477005005    72.4821891785    2
38    74.5039749146    72.4206733704    2
38    74.3010444641    72.4035491943    0
38    74.2434349060    72.4649391174    0
39    77.8664665222    73.1917228699    2
39    78.0830612183    73.2050704956    0
39    78.1281661987    73.1424865723    2
39    77.9131240845    73.1292419434    2
39    77.8664665222    73.1917228699    2
