1    29.0957002640    81.0905265808    1
1    28.9317140579    81.1787567139    1
1    29.1369247437    81.2356109619    1
1    29.3464937210    81.2921447754    1
1    29.1812353134    81.3805084229    1
1    29.3929481506    81.4372367859    1
1    29.9885053635    81.4614791870    0
1    30.5874004364    81.4847984314    0
1    31.1895313263    81.5071868896    0
1    31.7947902679    81.5286331177    0
1    32.4030647278    81.5491371155    0
1    32.6420764923    81.6037750244    0
1    32.8827800751    81.6585006714    0
1    33.2577667236    81.6229476929    0
1    33.6281929016    81.5872764587    0
1    34.2448062897    81.6049003601    0
1    34.8639507294    81.6215515137    0
1    35.4854965210    81.6372222900    0
1    35.8479309082    81.5992393494    0
1    35.9468231201    81.5085678101    0
1    35.6897926331    81.4560356140    0
1    35.4369850159    81.4031028748    0
1    35.1862087250    81.3502464294    0
1    34.9395866394    81.2969970703    0
1    35.0444545746    81.2065963745    0
1    35.1471786499    81.1161842346    0
1    35.2478275299    81.0257492065    0
1    35.0087013245    80.9727897644    1
1    34.4338588715    80.9564170837    1
1    34.0926170349    80.9928359985    1
1    33.7474784851    81.0291595459    1
1    33.1715278625    81.0107994080    1
1    32.8232059479    81.0460319519    1
1    32.4708690643    81.0811462402    1
1    32.1170578003    81.1157073975    1
1    31.7591333389    81.1501502991    1
1    31.1798801422    81.1286773682    1
1    30.6034927368    81.1063041687    1
1    30.0300674438    81.0830421448    1
1    29.4596948624    81.0588951111    1
1    29.0957002640    81.0905265808    1
2    59.9405651093    71.7111816406    1
2    60.1166000366    71.7430496216    1
2    60.3936367035    71.7193527222    1
2    60.5701808929    71.7506828308    1
2    60.6477146149    71.8374519348    1
2    60.7260055542    71.9242057800    0
2    60.8050651550    72.0109481812    0
2    60.9856319427    72.0420036316    0
2    61.2661418915    72.0169639587    0
2    61.4471721649    72.0474700928    0
2    61.6292343140    72.0778999329    0
2    61.7270965576    72.0217323303    0
2    61.6435012817    71.9353942871    0
2    61.7409439087    71.8793411255    0
2    62.0178070068    71.8531761169    0
2    62.1132202148    71.7968444824    0
2    62.0288219452    71.7107353210    0
2    61.9452247620    71.6246032715    0
2    61.7675838470    71.5946197510    0
2    61.5901412964    71.5643653870    0
2    61.5092945099    71.4780731201    0
2    61.4292087555    71.3917617798    0
2    61.2546710968    71.3612937927    0
2    61.0803451538    71.3305625916    0
2    61.0029087067    71.2441024780    0
2    60.8304729462    71.2132339478    0
2    60.7338142395    71.2686996460    1
2    60.8100833893    71.3552818298    1
2    60.8870773315    71.4418563843    1
2    60.7897415161    71.4974861145    1
2    60.6914405823    71.5529708862    1
2    60.5929031372    71.6085128784    1
2    60.3178272247    71.6325073242    1
2    60.0420265198    71.6560859680    1
2    59.9405651093    71.7111816406    1
3    37.8750076294    65.4361991882    2
3    37.9672451019    65.4854965210    0
3    38.0856037140    65.4469871521    0
3    37.9931774139    65.3978652954    2
3    37.8750076294    65.4361991882    2
4    60.0477504730    71.1430015564    1
4    60.2185630798    71.1747169495    1
4    60.3159217834    71.1194496155    0
4    60.1457901001    71.0879287720    0
4    60.0477504730    71.1430015564    1
5    60.3896160126    71.2061767578    1
5    60.5615997314    71.2375717163    1
5    60.6582584381    71.1821060181    0
5    60.4869747162    71.1509094238    0
5    60.3896160126    71.2061767578    1
