9.39847386475 0.193887552756 12.6132412005
4.21140472689 0.11007375733 10.5517547599
3.73706051579 0.0842624880687 9.93449206966
3.71953596835 0.0724312399417 9.528041719
3.54507811404 0.0735676488491 10.3467078656
3.92845220246 0.0796090423812 10.4961078317
7.39220854016 0.124066069753 11.2681647995
11.0060065088 0.187627339536 11.5943825288
7.32629847133 0.191018510508 15.036100087
7.49345591665 0.191873424336 14.8595330849
4.56959360224 0.128233583085 15.2992312355
11.827709176 0.136056096299 14.9585363844
11.2524089683 0.287892095224 15.2560912662
8.387516086 0.22352030445 15.4012130538
7.11479787038 0.167356981329 15.4547879263
10.9709029478 0.326529275974 15.6773189105
5.96366026057 0.181469279361 15.3532480123
4.5597665528 0.115535887748 15.1255732608
5.08374737464 0.111662224746 11.4800681808
5.25223205654 0.124491620636 6.78499566499
3.99088554406 0.100528571405 7.32743522357
4.17114017786 0.0623386014116 9.56487256592
4.51826845497 0.0635381290258 7.39088120897
3.08453520993 0.0683009601198 4.59828334347
3.09093804666 0.0479914226606 10.1862473549
4.10823581239 0.0475289069453 11.9723318985
4.60941471906 0.0962848141102 10.7601761573
4.80539174143 0.109105746486 10.8420968857
3.2393332039 0.0692410707172 11.5501712282
3.85702999452 0.081293238225 8.5538847907
2.94078501509 0.0761618144942 9.69078574045
3.72865661239 0.0946178663287 8.78115699094
3.65172001106 0.0866617533735 9.98800877326
2.67106977067 0.0703490166808 9.97166406387
1.72233073424 0.0406819658814 9.24843173181
3.30710815095 0.0353367236074 7.81726097507
3.72921371351 0.0826725115866 12.3470369525
2.74818580634 0.0727783653672 12.6598898611
4.1269390094 0.0871598602479 11.3836018816
4.66809025145 0.124263065897 9.76510201563
3.80057890302 0.0909800240802 9.94727683518
2.56330405809 0.0674570472185 9.99190312153
4.72874370686 0.105692247698 11.7772626636
3.08524011558 0.0862988566466 14.6480095719
3.16944451333 0.0655499860753 13.7543923184
4.21055805763 0.0790318990406 10.7397700406
3.64592642669 0.0900977869887 10.4087324271
3.3381914791 0.0815586004196 7.11888738645
3.18860749541 0.0874521510452 3.90643692987
2.7826904455 0.0646158089541 4.10256343965
2.82611228439 0.0537186903389 7.18003837286
2.72019063984 0.0446322798002 6.0688332342
2.28363286959 0.0422797043873 12.3080486453
2.58368515366 0.0390731356389 11.4880432433
2.14996140734 0.036464492716 8.11745734029
2.27666589408 0.0417564705971 6.80284340526
2.12835197484 0.0447560845035 4.97783936613
3.85978902166 0.0894372869664 7.55813016991
2.60016358376 0.0637097120029 7.55988205845
3.26376016775 0.0557896192341 7.49617560423
4.13581935348 0.0864758535005 7.70204429253
4.35158657469 0.0736775307 9.43416838608
2.73052294657 0.0515629596684 7.60497659952
3.14253157927 0.065923429834 6.48609997625
2.91922124578 0.0680309436182 10.6501375428
1.54201314821 0.0463456507883 12.7911457231
2.5195279336 0.0595426307284 9.2231246179
4.59811566528 0.0778998562607 8.1354761895
3.12490816944 0.0787158911846 5.80788813676
2.46459291672 0.0610417963379 4.70259008476
2.67064485711 0.0486260177578 7.53876520169
3.26130055027 0.0762434101997 12.3629370558
2.65820515517 0.0751822987756 11.8234651413
2.63836243249 0.0769596737172 9.2948782518
4.01768868899 0.0818586195948 8.63080768557
3.18223809565 0.0759831009857 12.211441725
2.65573766634 0.0614494087582 12.7956232291
3.70596260002 0.0730090157884 8.78038425729
2.4521032014 0.0648264670515 7.27009237678
2.2674618416 0.0556278367998 8.66916895533
2.2437222382 0.0550881250604 8.43162331242
2.32516226654 0.0571113083382 6.19893164428
5.87005656342 0.0991944333849 6.31385004083
2.76621332419 0.0786564008134 9.39494710528
1.99863281419 0.0459559981495 11.0612956271
2.01842087053 0.0614800451368 9.8341443482
3.81799571999 0.0731376894574 7.83893281776
2.44905652506 0.0669787078606 9.31378077418
1.88562357606 0.0613859797085 13.8400123731
1.8694526878 0.0574106268758 13.343523321
2.82059493342 0.0617764572704 15.0529209306
2.06389536841 0.0564795421228 17.0961254901
2.68964843257 0.0510858973755 13.9977210013
2.66705117268 0.0564792759595 10.8878147165
2.06295747525 0.0562132150798 10.8722981389
2.22870263141 0.0509711268844 10.1146007627
1.99162290486 0.062586837874 8.72422738689
1.98817586521 0.0639994314046 8.51297398476
2.90757793889 0.0536767840462 5.09946670846
2.72043248612 0.0575747876558 7.26061896135
3.42337913045 0.0701066572657 13.1626870543
1.80933613348 0.0589751270498 16.6558598918
1.67135433467 0.0528082427627 18.3876133881
1.98452955913 0.0549416685593 17.2876453955
2.05994874444 0.0577712563238 16.1615452847
3.82501119051 0.0946268037302 8.1434113617
5.06362133899 0.160561695392 5.85911700243
4.25721581612 0.156663161592 5.7616806689
3.64529887458 0.107828561901 4.40654413219
2.81113397661 0.0873681474261 4.72785104621
2.85809142422 0.077850027002 3.78634345628
1.64731568956 0.0615555614008 3.56818507354
2.15822655595 0.0679365862659 3.65627679235
2.20643486934 0.0673118070045 4.39643737273
2.87789580547 0.0696191190592 7.31780862324
2.55870662658 0.0805879751933 9.36718682923
2.77114678813 0.084444813049 13.0585767122
2.44907250066 0.0835852841822 12.6608223886
2.07458540737 0.0724141406312 10.4874390876
2.10699479372 0.0664848231676 7.89537153222
1.88690862868 0.0619768839767 5.63345794858
3.01956074738 0.0844792813694 6.21690739804
3.10565027462 0.0996960171702 7.19935258344
2.49216055209 0.0900237424591 11.5347915603
2.48908269307 0.0728451866725 14.7280057095
2.35085061304 0.0620933077467 13.6271300419
2.29707860549 0.0680475353672 10.5185529359
3.98524971752 0.0887077542697 7.59127225341
3.58478365232 0.0833208387937 7.79997715736
2.63896276088 0.0798302783293 8.24452879508
3.72216223037 0.0967020765927 7.13834414239
2.84127553646 0.100445919637 6.04872191036
2.47408535896 0.0916047898251 5.63223677089
2.29927140724 0.0787854707039 5.46198970058
2.36607424634 0.0798354729654 6.33609328258
2.88645126743 0.0761143840097 7.67289275953
1.64765455847 0.0576406305458 9.38477990145
1.83718221461 0.0591101378846 12.965503483
1.94732799738 0.0617112413472 14.6059604609
1.64765455847 0.0484763845504 15.7240463495
1.2883760451 0.0421421299355 15.7289299874
1.42690178263 0.0427992589194 17.0331390344
2.61542578205 0.0585267039309 17.6756117931
4.20384356639 0.0909548052219 16.3373364352
4.54936738144 0.101588336308 15.8591291883
3.22252759548 0.103435243961 16.3471523596
4.13512842531 0.104192885763 15.2383442947
2.53431357943 0.0889411248434 15.9729359397
3.10619536378 0.115558376055 12.6014857841
2.47294864183 0.110836626301 11.4085522307
2.40060081352 0.0879280334701 12.0924324926
2.29898869511 0.0678115282982 12.1446475822
2.77871402215 0.0633214266759 10.2793856123
3.09063419365 0.0766503308404 11.1366108114
3.12431135289 0.0888185042647 13.7229125464
3.10199094122 0.100137977564 15.9427762833
3.58116306089 0.109471615378 15.2459526016
4.78040756934 0.124595314931 14.259265932
4.11621764337 0.135238330793 14.1495673578
3.91600072144 0.138036657437 15.1268462258
2.71492774796 0.100486955471 13.64383348
2.30935134616 0.0576853435142 13.8102926739
2.35535552583 0.060249574991 11.8235443919
2.73576389646 0.0932537877876 16.4327689405
3.21252222021 0.105400738701 20.3822933222
3.32777915 0.136682806491 23.6794752292
3.81618417138 0.150078209055 22.8698831684
4.06091607742 0.166657961477 22.6673396
4.38384723897 0.1293722845 20.8702810972
2.20160714241 0.0921166726108 18.3144750801
1.97509259832 0.0745294612818 18.1889141742
1.86372209758 0.0654204473266 17.5125656378
2.20160714241 0.0589662609746 16.7703452962
2.40517446794 0.057561252735 18.0860792443
4.35487214439 0.106497370392 10.5330601936
1.85668495055 0.079756275544 10.2353728415
1.68384580591 0.0505564745499 11.6118978146
2.40909929431 0.0535471812755 16.3354228109
2.32304525804 0.0952492484127 15.2935203572
1.86767598276 0.0823060858885 15.780682234
1.67570928646 0.0612402771991 15.6145667818
2.55872850802 0.0666773622057 12.447308346
2.40509998814 0.0852974142096 8.3763772367
3.03355771582 0.0935666719151 9.07407796909
7.16484003766 0.17230319317 15.1298592014
10.2118018457 0.40035231732 20.017927491
