9.36244024473 0.936210696395 49.1035605163
9.74876790857 0.783501539377 42.2767558629
10.8396217606 0.764785808701 44.9737162928
10.0878383658 0.659402691422 46.7803920381
10.5598197166 0.90246137299 44.8127055166
11.8792803055 0.999483343281 44.9485350753
11.531546027 1.12250238636 43.1562852318
10.2886814938 0.991929912077 47.4594972558
13.31471395 0.841308213958 49.1465958607
9.70759557781 0.760537158562 47.3165971865
10.2383204667 0.771170829702 44.4728886615
12.2558179665 0.979975727438 41.5757961906
12.227494066 1.01352459221 41.9402614779
11.7940455238 0.977129559263 40.9642489365
10.0163725254 0.868836318139 41.3178103134
10.4855014128 0.751884496667 41.9203275095
4.77184364916 0.473574233128 42.7387275317
7.08594697091 0.44022674797 41.6722039298
7.3930555308 0.539387734922 40.1717749852
4.50244252778 0.479014224737 42.9820848321
4.62384740206 0.477888008658 45.0578034477
5.83375486547 0.554243446007 42.6616036235
7.69897176172 0.613343439994 41.7712719961
5.17135780179 0.448732358406 41.818463682
4.8209594229 0.40792058535 43.4659563478
6.34345356149 0.544422040231 40.2730476866
7.4477545793 0.518982671932 44.9140630144
5.87893403376 0.561255393723 43.5744952492
6.87601892274 0.603149424357 42.8334337815
8.18704523129 0.669346342216 44.5185081756
9.31603157045 0.80019839892 47.7839974286
6.81865200581 0.658103739258 45.3773527261
5.30571122632 0.532024053582 45.5912757547
4.57160782199 0.456696340815 40.70945394
5.10418978761 0.439007980521 43.0935393067
7.51647280837 0.531283137746 42.9451575757
7.82012234459 0.706779160748 47.5054076651
8.63713551799 0.697973400291 43.7780140268
5.05454735952 0.558477915908 46.9722940323
3.9403879 0.386624860544 48.3924327374
3.62056612481 0.328385299554 47.1073603992
6.83784241654 0.419890151578 41.7252224344
5.34237304585 0.499771791042 43.5996134012
4.99409857803 0.380942594832 42.331683103
4.72390053064 0.36781207459 44.4113363118
6.80094234174 0.535827550015 43.9105579414
5.87830111609 0.539448659616 43.4971327899
6.31510438419 0.458053656659 39.764463046
6.26189892805 0.478901364871 22.9870168662
7.04453766106 0.573897453446 26.5499259966
7.11387241302 0.589705997062 36.2873989195
7.14339349567 0.503190292832 34.2237194035
4.54778182462 0.385251693203 27.7047118132
3.32596325585 0.263171316855 22.1295092872
3.35831836243 0.254087259646 22.2931106007
3.88178620001 0.289732560799 23.6369473401
5.49670750537 0.374862016698 22.0933690063
9.20550621127 0.479453408358 22.8089099525
7.68305494597 0.470828967022 22.2068936173
7.33454031327 0.507668281037 23.9883872667
5.17686810114 0.441107890129 25.2225761931
4.90364723834 0.414552157259 27.0295907782
4.31337779594 0.400008919434 27.9711243688
6.74328755671 0.484685308023 31.0464943867
8.15465611019 0.584042012911 30.5713884038
5.38837687154 0.463537752419 33.4876637056
5.17648466358 0.450904440166 42.2721882358
5.79610055163 0.407449117771 37.6493676753
7.47207483735 0.474035776451 37.5607845645
10.2642702634 0.697831318857 43.0712030344
6.5739511893 0.630740087644 45.7931982343
6.73747825291 0.493379999677 44.7683261831
4.85457865082 0.360513015879 40.6638105767
5.21925293763 0.338859005395 39.6212862191
4.28685059564 0.364653956665 41.4582422006
5.39937962229 0.403255796205 41.5873243048
5.91395385558 0.374020030039 44.0463942418
5.24742343512 0.419764086184 42.8252179878
4.47612420256 0.363147142051 43.744093157
5.00477000054 0.387540481381 44.8192662914
5.7525675077 0.382910328379 41.4021190427
4.44557045373 0.369214231125 40.941000548
2.78973311645 0.29620118704 38.8691607431
4.47117845185 0.296058846462 34.1176406764
7.20233189879 0.463337279827 31.3103380371
3.08520946852 0.301975742952 41.9334656859
5.63344744156 0.354013887034 42.4910348149
5.25377458638 0.41674580663 40.2734490912
3.51368900462 0.355506943298 46.4038760638
6.17100696935 0.300098987876 46.8443599266
5.28278417986 0.323749578702 46.8847632465
3.34188556757 0.247561738175 45.6865207782
4.2865852983 0.253396365226 40.3482141894
3.71485547306 0.286999854017 31.8260090575
3.29575290313 0.299748799356 31.7941175543
5.35114604138 0.348578402563 30.0373047879
5.59684336705 0.364296913239 32.1883392737
4.21668699442 0.339187184075 39.1075918648
4.84538872487 0.3704818459 37.2700219556
3.89400208991 0.326417693034 35.4364750626
5.19704280414 0.368231860113 32.6723269387
3.8982574341 0.349218022275 35.4968204846
3.64710158771 0.297400350242 35.4505558853
4.29536253225 0.246297770616 33.1288471875
3.97159421693 0.313694507657 31.4560349804
4.1858100542 0.279870045381 31.047156855
3.55216227961 0.293735194233 29.2330698808
4.37473915184 0.371397849208 22.850222852
4.3738743738 0.406363857056 21.8364040282
4.8188891535 0.391003042452 26.944740302
4.85546926461 0.36531676345 26.4167533173
4.58531260473 0.331865056801 26.2523428341
3.41544087139 0.284853385212 31.901592228
3.11110874877 0.257804554968 36.6515864562
2.66641734678 0.243938915802 38.5716762736
2.72258079375 0.233824030343 40.0293236768
3.24574714903 0.233882866978 39.0204031811
4.87987264699 0.300538926653 33.0557737228
4.45287657761 0.312538871173 27.5170094229
3.76862499345 0.27305729162 31.1562292367
3.62417899392 0.281193509374 31.5348648796
3.71425163284 0.305356600395 30.7223418061
4.68151409194 0.29442758713 32.1409974918
3.81799358681 0.263897870959 34.9262716649
2.51931813166 0.222986728211 37.5777190325
5.46012189828 0.224800823481 36.179072257
3.91476509535 0.278463026893 28.0420750261
5.09259731385 0.32324485545 26.2117847873
4.33198908904 0.330391652633 31.2620111178
3.30887108345 0.332276479933 36.1988948086
3.90806814465 0.306259845605 42.2158280506
4.78953254495 0.352237648151 41.0592978331
5.52333519356 0.31074448057 32.9895083968
4.86833169569 0.292207022405 27.3675523927
9.00009156671 0.407508164177 25.2819967478
5.22354700983 0.411508726916 26.1530692526
3.62052758777 0.34139779249 33.6794864272
2.50986805502 0.283758295345 38.765673456
3.33939489783 0.239692655503 42.2523892959
7.14368190872 0.374508258916 41.7311224781
6.19508225586 0.432961347257 42.1221922049
4.88745295958 0.397193799601 42.6883211611
3.98866599832 0.345882062081 45.5543362286
5.50588922928 0.358692077169 45.5459418075
10.240858332 0.535751696647 40.2494833002
5.07641959755 0.523096769676 42.1636548022
3.7764991452 0.38528583632 42.9328400763
2.9271233292 0.302039059083 41.1188744465
4.81920148802 0.32783699147 36.4018040349
4.28443142483 0.330195615218 32.4397357161
5.04344491734 0.382482581876 31.1514540427
7.04607461109 0.406705860253 33.2747817904
6.32573178764 0.43412605706 35.3631270629
4.6436157474 0.392216484534 39.2960281827
3.58301748744 0.313756825508 35.7066131316
2.75458258352 0.257691335658 35.6500557084
2.86851881136 0.234063244389 43.8780829465
4.36626023766 0.255775548846 42.8869728441
4.52522241712 0.2852321953 39.3788303943
4.17941396634 0.307308111231 45.4374227102
7.06953152098 0.369750821304 50.7678976848
5.48550940058 0.366819780397 45.4531554985
4.97964388784 0.404663948829 49.2776155851
9.56541763766 0.486480063488 44.3469644855
7.45570155274 0.580602344535 42.5453601118
6.77263029955 0.531585173631 40.6689527653
4.51967495938 0.472435685382 39.8109856377
4.49018007577 0.424371027584 38.9851436161
3.77958026455 0.375921818554 36.4181061015
5.30937444882 0.349822551852 37.6739977224
4.36772258678 0.328289638119 35.8985992727
4.48613023455 0.357677214461 31.0783150113
3.87053285133 0.322216348113 29.0682952887
4.0063803852 0.267821004299 32.5189606234
4.43034299654 0.369806678649 41.3393202408
4.72121174024 0.431659245854 37.6251671771
4.7358680443 0.425725169177 42.9158871722
3.70239216637 0.376378973275 44.9511054268
6.7814441982 0.457469216185 42.566382631
8.34696570424 0.500160538238 39.9855322742
3.29487665806 0.361577133713 43.1277562904
5.11125119612 0.391809670006 38.46987784
4.00482245731 0.394022860652 38.9890261904
6.66606671089 0.490409401522 40.8927148404
8.97721440323 0.691545078201 42.5520020955
6.90010921606 0.549037208491 45.5007671909
