1    -53.3714122772    49.8183002472    1
1    -53.4964141846    49.8063049316    1
1    -53.6213359833    49.7941360474    2
1    -53.6932868958    49.8283767700    2
1    -53.7124366760    49.9092350006    2
1    -53.7847385406    49.9434776306    2
1    -53.8571338654    49.9776172638    2
1    -53.8767204285    50.0585155487    1
1    -53.9494686127    50.0926551819    1
1    -54.0752048492    50.0798244476    2
1    -54.2008533478    50.0668182373    2
1    -54.3264122009    50.0536327362    2
1    -54.4518814087    50.0402736664    2
1    -54.5772590637    50.0267372131    2
1    -54.7025432587    50.0130271912    2
1    -54.7543678284    49.9657421112    2
1    -54.8061046600    49.9184932709    2
1    -54.9309368134    49.9044685364    2
1    -55.0042953491    49.9376583099    2
1    -55.0263690948    50.0182666779    2
1    -55.1000881195    50.0514507294    2
1    -55.1738910675    50.0845298767    2
1    -55.1964282990    50.1651706696    2
1    -55.2190628052    50.2458438873    2
1    -55.2934131622    50.2789154053    2
1    -55.3678474426    50.3118782043    2
1    -55.3909492493    50.3925819397    2
1    -55.3393516541    50.4403610229    1
1    -55.2128467560    50.4550056458    1
1    -55.1608753204    50.5026473999    1
1    -55.1836395264    50.5834960938    2
1    -55.2065067291    50.6643791199    2
1    -55.1542797089    50.7121295929    2
1    -55.1018638611    50.7598114014    2
1    -55.1246585846    50.8408012390    2
1    -55.1475543976    50.9218273163    2
1    -55.1705551147    51.0028839111    2
1    -55.1936588287    51.0839748383    2
1    -55.1408061981    51.1318397522    0
1    -55.0117893219    51.1462631226    0
1    -54.8826694489    51.1605033875    0
1    -54.8292388916    51.2081546783    0
1    -54.7757186890    51.2558422089    0
1    -54.7220058441    51.3034572601    0
1    -54.6681995392    51.3511085510    0
1    -54.6142005920    51.3986873627    0
1    -54.6362953186    51.4801063538    0
1    -54.6584911346    51.5615596771    0
1    -54.6807861328    51.6430492401    0
1    -54.7031841278    51.7245693207    0
1    -54.7256851196    51.8061275482    0
1    -54.7482910156    51.8877162933    0
1    -54.7709999084    51.9693374634    0
1    -54.7938137054    52.0509910583    0
1    -54.8167343140    52.1326808929    0
1    -54.7617893219    52.1806221008    0
1    -54.7066402435    52.2284870148    0
1    -54.7294731140    52.3102779388    0
1    -54.7524127960    52.3921070099    0
1    -54.7754573822    52.4739646912    0
1    -54.7199172974    52.5219745636    0
1    -54.6641712189    52.5699100494    0
1    -54.6083259583    52.6178798676    0
1    -54.4735698700    52.6316642761    0
1    -54.4173088074    52.6794815063    0
1    -54.4397563934    52.7615547180    0
1    -54.4623088837    52.8436660767    0
1    -54.4849681854    52.9258079529    0
1    -54.5644073486    52.9600219727    0
1    -54.6439476013    52.9941196442    0
1    -54.6671390533    53.0762863159    0
1    -54.6904411316    53.1584873199    0
1    -54.7138538361    53.2407207489    0
1    -54.7942485809    53.2748031616    0
1    -54.8747463226    53.3087673187    0
1    -54.8987064362    53.3910255432    0
1    -54.9796390533    53.4249801636    0
1    -55.0606746674    53.4588165283    0
1    -55.0851879120    53.5410938263    0
1    -55.1098213196    53.6234054565    0
1    -55.1345710754    53.7057456970    0
1    -55.1594429016    53.7881164551    0
1    -55.1844367981    53.8705215454    0
1    -55.2095508575    53.9529552460    0
1    -55.2921466827    53.9867515564    0
1    -55.3748435974    54.0204277039    0
1    -55.4577693939    54.0540981293    0
1    -55.5407981873    54.0876445770    0
1    -55.5669498444    54.1700820923    0
1    -55.6504383087    54.2036151886    0
1    -55.7910041809    54.1880092621    0
1    -55.8746948242    54.2212963104    0
1    -55.9017734528    54.3037033081    0
1    -55.9289836884    54.3861408234    0
1    -55.9563312531    54.4686069489    0
1    -55.9838104248    54.5511016846    0
1    -56.0114288330    54.6336269379    0
1    -56.0391845703    54.7161808014    0
1    -56.1245288849    54.7494049072    0
1    -56.2671813965    54.7330703735    0
1    -56.3527259827    54.7660427094    0
1    -56.3814449310    54.8485584259    0
1    -56.4103069305    54.9310989380    0
1    -56.4393138885    55.0136699677    0
1    -56.4684677124    55.0962696075    0
1    -56.4977684021    55.1788959503    0
1    -56.5272159576    55.2615509033    0
1    -56.6144809723    55.2944488525    0
1    -56.7018470764    55.3272171021    0
1    -56.7894649506    55.3599739075    0
1    -56.8771800995    55.3926029205    0
1    -56.9077873230    55.4752368927    0
1    -56.9960098267    55.5078392029    0
1    -57.0843296051    55.5403118134    0
1    -57.1156044006    55.6229457855    0
1    -57.2044391632    55.6553916931    0
1    -57.2933712006    55.6877059937    0
1    -57.3253231049    55.7703380585    0
1    -57.4147758484    55.8026256561    0
1    -57.5613975525    55.7843303680    0
1    -57.6510391235    55.8163528442    0
1    -57.7409439087    55.8483581543    0
1    -57.8309421539    55.8802318573    0
1    -57.8644676208    55.9627742767    0
1    -57.8076381683    56.0134983063    0
1    -57.7505435944    56.0641441345    0
1    -57.7840538025    56.1467895508    0
1    -57.8177394867    56.2294597626    0
1    -57.8515987396    56.3121547699    0
1    -57.8856353760    56.3948726654    0
1    -57.9774188995    56.4267654419    0
1    -58.0692958832    56.4585227966    0
1    -58.1040573120    56.5412311554    0
1    -58.1964855194    56.5729541779    0
1    -58.2890071869    56.6045398712    0
1    -58.3818073273    56.6361083984    0
1    -58.4746990204    56.6675376892    0
1    -58.5107574463    56.7501926422    0
1    -58.5470046997    56.8328723907    0
1    -58.5834465027    56.9155712128    0
1    -58.6774654388    56.9469242096    0
1    -58.7715759277    56.9781398773    0
1    -58.8659706116    57.0093345642    0
1    -58.9604549408    57.0403881073    0
1    -58.9982357025    57.1230258942    0
1    -59.0362186432    57.2056846619    0
1    -59.0744018555    57.2883663177    0
1    -59.1127910614    57.3710651398    0
1    -59.1513843536    57.4537849426    0
1    -59.2476196289    57.4847087860    0
1    -59.3439445496    57.5154895782    0
1    -59.3833427429    57.5981826782    0
1    -59.4229526520    57.6808948517    0
1    -59.4627761841    57.7636260986    0
1    -59.5028152466    57.8463764191    0
1    -59.4452400208    57.8984794617    0
1    -59.3873615265    57.9505062103    0
1    -59.4274406433    58.0333595276    0
1    -59.4677391052    58.1162300110    0
1    -59.5082607269    58.1991195679    0
1    -59.5490036011    58.2820262909    0
1    -59.5899715424    58.3649501801    0
1    -59.6311664581    58.4478931427    0
1    -59.7310943604    58.4785270691    0
1    -59.8311100006    58.5090141296    0
1    -59.8731708527    58.5919208527    0
1    -59.9154663086    58.6748447418    0
1    -59.9579963684    58.7577838898    0
1    -60.0007648468    58.8407382965    0
1    -60.0437736511    58.9237098694    0
1    -60.0870227814    59.0066967010    0
1    -60.0282211304    59.0594005585    0
1    -59.9690876007    59.1120262146    0
1    -60.0124034882    59.1951141357    0
1    -60.0559654236    59.2782192230    0
1    -60.0997753143    59.3613357544    0
1    -60.0402812958    59.4141349792    0
1    -59.9804496765    59.4668521881    0
1    -60.0243282318    59.5500755310    0
1    -60.0684566498    59.6333103180    0
1    -60.1128387451    59.7165584564    0
1    -60.1574783325    59.7998218536    0
1    -60.0971870422    59.8527565002    0
1    -60.0365447998    59.9056110382    0
1    -60.0812568665    59.9889755249    0
1    -60.0204277039    60.0419178009    0
1    -59.9592418671    60.0947742462    0
1    -60.0040245056    60.1782398224    0
1    -60.0490684509    60.2617206573    0
1    -60.0943794250    60.3452148438    0
1    -60.1399555206    60.4287204742    0
1    -60.0782890320    60.4817962646    0
1    -60.0162563324    60.5347881317    0
1    -60.0619106293    60.6183967590    0
1    -59.9996814728    60.6714763641    0
1    -59.9370803833    60.7244720459    0
1    -59.9828052521    60.8081798553    0
1    -59.9200019836    60.8612613678    0
1    -59.8568229675    60.9142570496    0
1    -59.9026184082    60.9980659485    0
1    -59.9486923218    61.0818881989    0
1    -59.9950428009    61.1657238007    0
1    -60.0416774750    61.2495708466    0
1    -60.0885963440    61.3334293365    0
1    -60.1995983124    61.3640403748    0
1    -60.3741073608    61.3411369324    0
1    -60.5483283997    61.3179836273    0
1    -60.6596279144    61.3480968475    0
1    -60.7086009979    61.4317417145    0
1    -60.7578735352    61.5153980255    0
1    -60.8074474335    61.5990619659    0
1    -60.7444419861    61.6527633667    0
1    -60.6810340881    61.7063789368    0
1    -60.7307205200    61.7901439667    0
1    -60.7807159424    61.8739166260    0
1    -60.8310184479    61.9576988220    0
1    -60.7672214508    62.0114936829    0
1    -60.7030124664    62.0652008057    0
1    -60.6387023926    62.1189537048    0
1    -60.4593467712    62.1423168182    0
1    -60.2796821594    62.1654186249    0
1    -60.2141265869    62.2189025879    0
1    -60.1484622955    62.2724304199    0
1    -60.0823802948    62.3258647919    0
1    -60.0161857605    62.3793449402    0
1    -59.9495716095    62.4327335358    0
1    -59.8828449249    62.4861660004    0
1    -59.8156929016    62.5395050049    0
1    -59.7484226227    62.5928897858    0
1    -59.6807270050    62.6461791992    0
1    -59.6129112244    62.6995124817    0
1    -59.5446643829    62.7527503967    0
1    -59.5926818848    62.8373317719    0
1    -59.5241909027    62.8906593323    0
1    -59.4552631378    62.9438915253    0
1    -59.3862113953    62.9971675873    0
1    -59.3167209625    63.0503444672    0
1    -59.3645439148    63.1351165771    0
1    -59.2947940826    63.1883831024    0
1    -59.2245998383    63.2415504456    0
1    -59.1542739868    63.2947635651    0
1    -59.0834980011    63.3478755951    0
1    -59.1311035156    63.4328346252    0
1    -59.0600566864    63.4860363007    0
1    -58.9885559082    63.5391349792    0
1    -59.0362033844    63.6241970062    0
1    -58.9644241333    63.6773853302    0
1    -58.8921852112    63.7304706573    0
1    -58.8198013306    63.7835998535    0
1    -58.7469539642    63.8366260529    0
1    -58.6739616394    63.8896980286    0
1    -58.6005039215    63.9426651001    0
1    -58.5268936157    63.9956741333    0
1    -58.4528141022    64.0485763550    0
1    -58.3785800934    64.1015243530    0
1    -58.3038730621    64.1543655396    0
1    -58.2290096283    64.2072525024    0
1    -58.1536693573    64.2600326538    0
1    -58.1998271942    64.3456306458    0
1    -58.1241645813    64.3984947205    0
1    -58.0480175018    64.4512519836    0
1    -57.9717044830    64.5040512085    0
1    -57.8949050903    64.5567398071    0
1    -57.8179359436    64.6094703674    0
1    -57.7404785156    64.6620903015    0
1    -57.6628456116    64.7147560120    0
1    -57.5847206116    64.7673072815    0
1    -57.5064182281    64.8199005127    0
1    -57.4276199341    64.8723793030    0
1    -57.3486385345    64.9249000549    0
1    -57.2691574097    64.9773063660    0
1    -57.1894893646    65.0297584534    0
1    -57.1093177795    65.0820922852    0
1    -57.1533241272    65.1683120728    0
1    -57.1976470947    65.2545433044    0
1    -57.2422904968    65.3407936096    0
1    -57.2872562408    65.4270515442    0
1    -57.2061233521    65.4795989990    0
1    -57.1244697571    65.5320281982    0
1    -57.1693687439    65.6183815002    0
1    -57.0873165131    65.6708984375    0
1    -57.0047340393    65.7232933044    0
1    -56.9219474792    65.7757301331    0
1    -56.8386306763    65.8280487061    0
1    -56.8830413818    65.9145889282    0
1    -56.9277820587    66.0011444092    0
1    -56.8438358307    66.0535850525    0
1    -56.7150268555    66.0192680359    0
1    -56.6710395813    65.9326438904    0
1    -56.5433120728    65.8982620239    0
1    -56.4158000946    65.8636856079    0
1    -56.2888221741    65.8290863037    0
1    -56.0771484375    65.8462371826    0
1    -55.8651695251    65.8630638123    0
1    -55.6528873444    65.8795738220    0
1    -55.4403095245    65.8957595825    0
1    -55.3532829285    65.9471931458    0
1    -55.2660179138    65.9986686707    0
1    -55.1782226562    66.0500144958    0
1    -55.0901832581    66.1013984680    0
1    -55.0016098022    66.1526527405    0
1    -54.9127864838    66.2039451599    0
1    -54.8234272003    66.2551040649    0
1    -54.8610496521    66.3423690796    0
1    -54.7711791992    66.3936080933    0
1    -54.6436595917    66.3573722839    2
1    -54.6068363190    66.2700500488    2
1    -54.5702915192    66.1827430725    2
1    -54.5340194702    66.0954589844    2
1    -54.4980201721    66.0081901550    2
1    -54.4622898102    65.9209365845    2
1    -54.3379535675    65.8845787048    2
1    -54.2138729095    65.8480262756    2
1    -54.1794395447    65.7607536316    2
1    -54.1452560425    65.6735038757    2
1    -54.1113262177    65.5862655640    2
1    -54.0776443481    65.4990539551    2
1    -54.0442085266    65.4118614197    1
1    -53.9231548309    65.3751983643    1
1    -53.8023529053    65.3383483887    2
1    -53.6820392609    65.3014831543    2
1    -53.5619812012    65.2644348145    2
1    -53.4424057007    65.2273712158    2
1    -53.3230876923    65.1901206970    2
1    -53.2928047180    65.1028480530    2
1    -53.2627391815    65.0156021118    2
1    -53.2328891754    64.9283752441    2
1    -53.2032508850    64.8411712646    2
1    -53.0862922668    64.8038520813    2
1    -52.9695854187    64.7663536072    2
1    -52.9410781860    64.6791458130    2
1    -52.9127750397    64.5919570923    2
1    -52.8846702576    64.5047912598    2
1    -52.8567619324    64.4176559448    2
1    -52.8290519714    64.3305358887    2
1    -52.8015346527    64.2434463501    2
1    -52.7742099762    64.1563720703    2
1    -52.7470722198    64.0693283081    2
1    -52.7201232910    63.9823036194    2
1    -52.6933612823    63.8953056335    2
1    -52.6667823792    63.8083286285    2
1    -52.5553646088    63.7706966400    2
1    -52.4441890717    63.7328929901    2
1    -52.4186286926    63.6459236145    2
1    -52.3932437897    63.5589771271    2
1    -52.2833137512    63.5211467743    2
1    -52.1736240387    63.4831485748    2
1    -52.1492271423    63.3962135315    2
1    -52.0403518677    63.3582000732    2
1    -51.9317169189    63.3200187683    2
1    -51.9082870483    63.2330932617    2
1    -51.8850154877    63.1461944580    2
1    -51.7775745392    63.1079940796    2
1    -51.6703739166    63.0696296692    2
1    -51.6480407715    62.9827442169    2
1    -51.5416183472    62.9443702698    2
1    -51.4354362488    62.9058303833    2
1    -51.4140224457    62.8189620972    2
1    -51.3086071014    62.7804145813    2
1    -51.2034320831    62.7417049408    2
1    -51.1829128265    62.6548576355    2
1    -51.1625308990    62.5680370331    1
1    -51.1422824860    62.4812431335    2
1    -51.0385990143    62.4425220490    2
1    -50.9351539612    62.4036426544    2
1    -50.9157714844    62.3168716431    2
1    -50.8130550385    62.2779865265    2
1    -50.7105770111    62.2389450073    2
1    -50.6084594727    62.1999015808    2
1    -50.5065803528    62.1607036591    2
1    -50.4887542725    62.0739574432    2
1    -50.4710426331    61.9872379303    2
1    -50.4534435272    61.9005489349    2
1    -50.4359569550    61.8138866425    2
1    -50.3358325958    61.7746868134    2
1    -50.2359409332    61.7353343964    2
1    -50.2192516327    61.6487026215    2
1    -50.1200428009    61.6093521118    2
1    -50.0210685730    61.5698490143    2
1    -50.0051593781    61.4832496643    2
1    -49.9068565369    61.4437503815    2
1    -49.8087863922    61.4041004181    2
1    -49.7936382294    61.3175354004    2
1    -49.7785873413    61.2310028076    1
1    -49.6815032959    61.1913604736    1
1    -49.5846519470    61.1515693665    2
1    -49.4881229401    61.1117820740    2
1    -49.3918266296    61.0718498230    2
1    -49.2958507538    61.0319213867    2
1    -49.2001094818    60.9918460846    2
1    -49.1870708466    60.9053630829    2
1    -49.0919589996    60.8652973175    2
1    -48.9970798492    60.8250865936    2
1    -48.9847450256    60.7386474609    2
1    -48.8904857635    60.6984462738    2
1    -48.7964591980    60.6581020355    2
1    -48.7027378082    60.6177654266    2
1    -48.6092510223    60.5772876740    2
1    -48.5982093811    60.4909019470    2
1    -48.6801204681    60.4450149536    1
1    -48.7617301941    60.3990058899    1
1    -48.8431110382    60.3530216217    1
1    -49.0172405243    60.3470916748    1
1    -49.1912937164    60.3409042358    1
1    -49.2717723846    60.2945575714    1
1    -49.3520298004    60.2482376099    1
1    -49.5254020691    60.2415466309    1
1    -49.6986904144    60.2345962524    1
1    -49.8718929291    60.2273864746    1
1    -49.9509410858    60.1805934906    1
1    -49.9360122681    60.0945110321    1
1    -49.9211750031    60.0084609985    1
1    -49.9064235687    59.9224414825    1
1    -49.8135623932    59.8831329346    1
1    -49.7209110260    59.8436832428    1
1    -49.7068405151    59.7577037811    1
1    -49.6928520203    59.6717548370    1
1    -49.6010818481    59.6323184967    1
1    -49.5095195770    59.5927429199    1
1    -49.4182453156    59.5531711578    1
1    -49.2489471436    59.5596828461    1
1    -49.0795764923    59.5659408569    1
1    -49.0007705688    59.6119289398    1
1    -48.9217510223    59.6579437256    1
1    -48.8424453735    59.7038402557    1
1    -48.8539142609    59.7898941040    1
1    -48.8654537201    59.8759860992    1
1    -48.7854900360    59.9219608307    1
1    -48.6138877869    59.9275283813    1
1    -48.4422225952    59.9328422546    1
1    -48.2704944611    59.9378948212    1
1    -48.1798229218    59.8971958160    1
1    -48.1703224182    59.8110370636    1
1    -48.2509822845    59.7655906677    1
1    -48.3313598633    59.7200241089    1
1    -48.3214683533    59.6339473724    1
1    -48.3116340637    59.5479030609    1
1    -48.3913459778    59.5024108887    1
1    -48.4707794189    59.4568004608    1
1    -48.4605674744    59.3708400726    1
1    -48.4504127502    59.2849121094    1
1    -48.3615341187    59.2445487976    1
1    -48.2728729248    59.2040519714    1
1    -48.2633228302    59.1181735992    1
1    -48.3419494629    59.0728073120    1
1    -48.4203071594    59.0273246765    1
1    -48.4103889465    58.9415283203    1
1    -48.4005260468    58.8557682037    1
1    -48.3129959106    58.8154468536    1
1    -48.1476898193    58.8202857971    1
1    -47.9823284149    58.8248786926    1
1    -47.8954334259    58.7841625214    1
1    -47.8871059418    58.6984233856    1
1    -47.8788223267    58.6127166748    1
1    -47.8705883026    58.5270462036    1
1    -47.9482574463    58.4820823669    1
1    -48.1117343903    58.4775505066    1
1    -48.2751636505    58.4727725983    1
1    -48.4385375977    58.4677524567    1
1    -48.6018562317    58.4624881744    1
1    -48.7651176453    58.4569816589    1
1    -48.9283161163    58.4512271881    1
1    -49.0914497375    58.4452323914    1
1    -49.2545185089    58.4389953613    1
1    -49.4175186157    58.4325141907    1
1    -49.5804462433    58.4257888794    1
1    -49.7432994843    58.4188232422    1
1    -49.9060783386    58.4116134644    1
1    -50.0687751770    58.4041614532    1
1    -50.2313919067    58.3964672089    1
1    -50.3939208984    58.3885307312    1
1    -50.5563659668    58.3803539276    1
1    -50.7187213898    58.3719367981    1
1    -50.8080921173    58.4102363586    1
1    -50.8246669769    58.4955272675    1
1    -50.9145908356    58.5338306427    1
1    -51.0776710510    58.5248699188    1
1    -51.2406539917    58.5156688690    1
1    -51.4035358429    58.5062255859    1
1    -51.5663108826    58.4965400696    1
1    -51.7289829254    58.4866161346    1
1    -51.8915443420    58.4764461517    1
1    -51.9827022552    58.5137958527    1
1    -52.0026836395    58.5989303589    1
1    -52.0227794647    58.6840991974    1
1    -52.1147956848    58.7214431763    1
1    -52.2785015106    58.7106895447    1
1    -52.3708610535    58.7477550507    1
1    -52.3921127319    58.8329143524    1
1    -52.4850540161    58.8699741364    1
1    -52.6494407654    58.8586597443    1
1    -52.8136997223    58.8471050262    1
1    -52.9778308868    58.8353061676    1
1    -53.1418304443    58.8232631683    1
1    -53.3056926727    58.8109798431    1
1    -53.4694213867    58.7984542847    1
1    -53.6330108643    58.7856845856    1
1    -53.7272605896    58.8216171265    1
1    -53.7524566650    58.9065189362    1
1    -53.7777996063    58.9914493561    1
1    -53.7081317902    59.0404987335    1
1    -53.6381587982    59.0894451141    1
1    -53.6633281708    59.1744728088    1
1    -53.6886444092    59.2595291138    1
1    -53.7141056061    59.3446140289    1
1    -53.8103332520    59.3806381226    1
1    -53.9067249298    59.4165153503    1
1    -53.9329624176    59.5016117096    1
1    -53.8623352051    59.5508728027    1
1    -53.6945343018    59.5640258789    1
1    -53.6232757568    59.6130828857    1
1    -53.6488552094    59.6983184814    1
1    -53.6745891571    59.7835826874    1
1    -53.7004718781    59.8688774109    1
1    -53.7984409332    59.9049987793    1
1    -53.8965778351    59.9409713745    1
1    -53.8248043060    59.9903087616    1
1    -53.7527065277    60.0395412445    1
1    -53.7790565491    60.1249141693    1
1    -53.8055629730    60.2103137970    1
1    -53.9048404694    60.2464008331    1
1    -54.0042896271    60.2823371887    1
1    -54.1040706635    60.3182621002    1
1    -54.2040195465    60.3540382385    1
1    -54.2320251465    60.4394245148    1
1    -54.2602005005    60.5248374939    1
1    -54.2885456085    60.6102752686    1
1    -54.3170642853    60.6957397461    1
1    -54.3457565308    60.7812271118    1
1    -54.3746242523    60.8667392731    1
1    -54.4769763947    60.9024372101    1
1    -54.5794982910    60.9379787445    1
1    -54.6823730469    60.9735088348    1
1    -54.7854194641    61.0088825226    1
1    -54.8158798218    61.0943679810    1
1    -54.8465309143    61.1798801422    1
1    -54.9506511688    61.2152137756    1
1    -55.1278591156    61.2000808716    1
1    -55.3048706055    61.1846847534    1
1    -55.4094924927    61.2195434570    1
1    -55.4421253204    61.3049411774    1
1    -55.4749584198    61.3903636932    1
1    -55.5079975128    61.4758052826    1
1    -55.5412425995    61.5612716675    1
1    -55.6477127075    61.5960483551    1
1    -55.7543487549    61.6306648254    1
1    -55.7885589600    61.7161197662    1
1    -55.8229846954    61.8015937805    1
1    -55.9307632446    61.8361549377    1
1    -56.0387058258    61.8705520630    1
1    -56.0741195679    61.9560108185    1
1    -56.0010414124    62.0071296692    1
1    -55.9275741577    62.0581417084    1
1    -55.8539390564    62.1091918945    1
1    -55.6711368561    62.1254673004    1
1    -55.5967159271    62.1763038635    1
1    -55.5221233368    62.2271804810    1
1    -55.3383159637    62.2429656982    1
1    -55.1542930603    62.2584781647    1
1    -55.0458297729    62.2231655121    1
1    -55.0133476257    62.1373233795    1
1    -54.9810733795    62.0515079498    1
1    -55.0563030243    62.0010719299    1
1    -55.1311473846    61.9505290985    1
1    -55.2058162689    61.9000244141    1
1    -55.2801036835    61.8494110107    1
1    -55.2473278046    61.7637672424    1
1    -55.2147598267    61.6781501770    1
1    -55.1823940277    61.5925521851    1
1    -55.0766334534    61.5574378967    1
1    -54.8970775604    61.5725135803    1
1    -54.7173252106    61.5873260498    1
1    -54.5373802185    61.6018676758    1
1    -54.4323253632    61.5661144257    1
1    -54.4025382996    61.4803543091    1
1    -54.3729381561    61.3946208954    1
1    -54.3435211182    61.3089103699    1
1    -54.3142871857    61.2232246399    1
1    -54.2110481262    61.1874084473    1
1    -54.1079883575    61.1514339447    1
1    -54.0052852631    61.1154499054    1
1    -53.8280448914    61.1289024353    1
1    -53.7257022858    61.0926055908    1
1    -53.6237125397    61.0562992096    1
1    -53.5219058990    61.0198402405    1
1    -53.4955005646    60.9340667725    1
1    -53.4692554474    60.8483238220    1
1    -53.3684864044    60.8118362427    1
1    -53.2679023743    60.7751960754    1
1    -53.2425022125    60.6894626617    1
1    -53.2172546387    60.6037540436    1
1    -53.1921596527    60.5180721283    1
1    -53.1672172546    60.4324188232    1
1    -53.0683135986    60.3957405090    1
1    -52.9695930481    60.3589134216    1
1    -52.8712005615    60.3220787048    1
1    -52.6984062195    60.3337936401    1
1    -52.5254688263    60.3452491760    1
1    -52.3523960114    60.3564453125    1
1    -52.2768344879    60.4048118591    1
1    -52.2010803223    60.4532127380    1
1    -52.1250000000    60.5015029907    1
1    -52.1468296051    60.5873928070    1
1    -52.1687946320    60.6733112335    1
1    -52.1908931732    60.7592563629    1
1    -52.2899913788    60.7968120575    1
1    -52.4658145905    60.7856845856    1
1    -52.6414947510    60.7742938995    1
1    -52.7411746979    60.8113975525    1
1    -52.8411941528    60.8484935760    1
1    -52.9414043427    60.8854389191    1
1    -52.9660568237    60.9713115692    1
1    -52.8899688721    61.0202808380    1
1    -52.7128334045    61.0320549011    1
1    -52.5355510712    61.0435657501    1
1    -52.3581218719    61.0548076630    1
1    -52.1805515289    61.0657863617    1
1    -52.1027526855    61.1141910553    1
1    -52.1250000000    61.2003154755    1
1    -52.1473846436    61.2864685059    1
1    -52.0689716339    61.3349704742    1
1    -51.9902133942    61.3833580017    1
1    -51.9112453461    61.4317779541    1
1    -51.7310600281    61.4420986176    1
1    -51.6304054260    61.4039649963    1
1    -51.6095428467    61.3176727295    1
1    -51.5888118744    61.2314109802    1
1    -51.5682086945    61.1451778412    1
1    -51.4689178467    61.1070308685    1
1    -51.3698368073    61.0687313080    1
1    -51.2710914612    61.0304317474    1
1    -51.0932865143    61.0397739410    1
1    -50.9153614044    61.0488491058    1
1    -50.8354263306    61.0964050293    1
1    -50.8537063599    61.1827411652    1
1    -50.8721008301    61.2691059113    1
1    -50.8906116486    61.3554992676    1
1    -50.9092388153    61.4419231415    1
1    -50.9279842377    61.5283756256    1
1    -51.0281085968    61.5671195984    1
1    -51.1284561157    61.6057090759    1
1    -51.1480121613    61.6921882629    1
1    -51.1676902771    61.7786960602    1
1    -51.2690830231    61.8172798157    1
1    -51.3706989288    61.8557090759    1
1    -51.4726715088    61.8941345215    1
1    -51.6559696198    61.8841819763    1
1    -51.7583847046    61.9222965240    1
1    -51.8611583710    61.9604053497    1
1    -51.9641513824    61.9983596802    1
1    -51.9866867065    62.0848369598    1
1    -52.0093650818    62.1713390350    1
1    -52.0321922302    62.2578697205    1
1    -52.0551681519    62.3444271088    1
1    -52.1599998474    62.3823528290    1
1    -52.2650547028    62.4201183319    1
1    -52.2889328003    62.5066890717    1
1    -52.3129673004    62.5932846069    1
1    -52.4191608429    62.6310291290    1
1    -52.5255775452    62.6686115265    1
1    -52.6323795319    62.7061843872    1
1    -52.8208560944    62.6944408417    1
1    -53.0091629028    62.6824111938    1
1    -53.0898361206    62.6330146790    1
1    -53.1702938080    62.5836544037    1
1    -53.3576469421    62.5711040497    1
1    -53.4651393890    62.6078681946    1
1    -53.4931316376    62.6942558289    1
1    -53.5213069916    62.7806663513    1
1    -53.6299819946    62.8173980713    1
1    -53.8187770844    62.8041419983    1
1    -54.0073795319    62.7906017303    1
1    -54.0864906311    62.7405452728    1
1    -54.1653995514    62.6905269623    1
1    -54.3530044556    62.6764717102    1
1    -54.5404090881    62.6621341705    1
1    -54.6498947144    62.6978816986    1
1    -54.6818790436    62.7840137482    1
1    -54.7140750885    62.8701686859    1
1    -54.6357803345    62.9206466675    1
1    -54.4465732574    62.9351406097    1
1    -54.2571563721    62.9493503571    1
1    -54.1470546722    62.9131450653    1
1    -54.0373592377    62.8769264221    1
1    -53.8481502533    62.8905162811    1
1    -53.6587467194    62.9038219452    1
1    -53.4691505432    62.9168415070    1
1    -53.2793674469    62.9295749664    1
1    -53.0894031525    62.9420261383    1
1    -52.8992595673    62.9541873932    1
1    -52.8171405792    63.0034446716    1
1    -52.8433990479    63.0901107788    1
1    -52.7608318329    63.1394367218    1
1    -52.6778621674    63.1886405945    1
1    -52.7038402557    63.2754001617    1
1    -52.7299957275    63.3621864319    1
1    -52.7563266754    63.4489936829    1
1    -52.7828369141    63.5358276367    1
1    -52.8936538696    63.5733108521    1
1    -53.0047054291    63.6106243134    1
1    -53.0322341919    63.6974620819    1
1    -53.0599479675    63.7843227386    1
1    -53.1722660065    63.8216018677    1
1    -53.2848167419    63.8587093353    1
1    -53.3135814667    63.9455680847    1
1    -53.2291316986    63.9953708649    1
1    -53.1442489624    64.0450439453    1
1    -53.1727390289    64.1319999695    1
1    -53.2014293671    64.2189750671    1
1    -53.2303199768    64.3059730530    1
1    -53.3452548981    64.3431816101    1
1    -53.4604320526    64.3802108765    1
1    -53.3747959137    64.4301910400    1
1    -53.2887096405    64.4800415039    1
1    -53.3182144165    64.5671119690    1
1    -53.3479309082    64.6542015076    1
1    -53.3778553009    64.7413101196    1
1    -53.4950656891    64.7784500122    1
1    -53.6125240326    64.8154106140    1
1    -53.6435947418    64.9025115967    1
1    -53.6748905182    64.9896392822    1
1    -53.7064113617    65.0767860413    1
1    -53.8257579803    65.1136817932    1
1    -54.0324687958    65.0999946594    1
1    -54.2389431000    65.0859947205    1
1    -54.4451789856    65.0716781616    1
1    -54.5308475494    65.0208930969    1
1    -54.6162815094    64.9701461792    1
1    -54.8213024139    64.9552688599    1
1    -55.0260696411    64.9400825500    1
1    -55.2305774689    64.9245796204    1
1    -55.3140811920    64.8733329773    1
1    -55.2771072388    64.7866592407    1
1    -55.2403945923    64.7000045776    1
1    -55.3232460022    64.6488761902    1
1    -55.5251407623    64.6329498291    1
1    -55.7267723083    64.6167182922    1
1    -55.8081970215    64.5652236938    1
1    -55.8894176483    64.5137710571    1
1    -55.9701652527    64.4622001648    1
1    -55.9315166473    64.3758468628    1
1    -56.0118637085    64.3243560791    1
1    -56.0917434692    64.2727470398    1
1    -56.1714267731    64.2211799622    1
1    -56.3692989349    64.2040061951    1
1    -56.4480552673    64.1522064209    1
1    -56.4082431793    64.0660972595    1
1    -56.4866237640    64.0143814087    1
1    -56.6826477051    63.9967460632    1
1    -56.7601108551    63.9448032379    1
1    -56.8373947144    63.8929023743    1
1    -56.9142208099    63.8408889771    1
1    -56.9908695221    63.7889156342    1
1    -57.0670661926    63.7368335724    1
1    -57.1430912018    63.6847934723    1
1    -57.2186641693    63.6326427460    1
1    -57.2940692902    63.5805339813    1
1    -57.3690261841    63.5283164978    1
1    -57.4438171387    63.4761428833    1
1    -57.5181655884    63.4238624573    1
1    -57.5923519135    63.3716220856    1
1    -57.7826919556    63.3523826599    1
1    -57.8559913635    63.2999305725    1
1    -57.8128299713    63.2145633698    1
1    -57.7699508667    63.1292095184    1
1    -57.8427886963    63.0768852234    1
1    -58.0307826996    63.0572986603    1
1    -58.1027545929    63.0047683716    1
1    -58.1745796204    62.9522800446    1
1    -58.2459716797    62.8996887207    1
1    -58.2021999359    62.8145923615    1
1    -58.1587123871    62.7295112610    1
1    -58.1155033112    62.6444416046    1
1    -58.0725746155    62.5593891144    1
1    -57.9592437744    62.5267257690    1
1    -57.8460578918    62.4938926697    1
1    -57.8042335510    62.4088001251    1
1    -57.7626762390    62.3237228394    1
1    -57.7213821411    62.2386627197    1
1    -57.6803512573    62.1536178589    1
1    -57.5692100525    62.1206550598    1
1    -57.4582157135    62.0875225067    1
1    -57.5288391113    62.0356025696    1
1    -57.7098045349    62.0165691376    1
1    -57.7796306610    61.9644470215    1
1    -57.7388324738    61.8795204163    1
1    -57.6982898712    61.7946109772    1
1    -57.5885963440    61.7617130280    1
1    -57.4790420532    61.7286491394    1
1    -57.4395313263    61.6437072754    1
1    -57.4002685547    61.5587844849    1
1    -57.2918758392    61.5256500244    1
1    -57.1836261749    61.4923534393    1
1    -57.2532367706    61.4407215118    1
1    -57.3224678040    61.3889904022    1
1    -57.3915557861    61.3372993469    1
1    -57.4993247986    61.3703174591    1
1    -57.6074733734    61.4033126831    1
1    -57.7157611847    61.4361438751    1
1    -57.8244304657    61.4689502716    1
1    -57.9332332611    61.5015945435    1
1    -58.0424232483    61.5342140198    1
1    -58.1517467499    61.5666694641    1
1    -58.1933593750    61.6513404846    1
1    -58.1251316071    61.7036285400    1
1    -58.0565109253    61.7558212280    1
1    -57.9877548218    61.8080558777    1
1    -57.9186038971    61.8601913452    1
1    -57.9599399567    61.9450492859    1
1    -58.0015335083    62.0299263000    1
1    -58.1129570007    62.0625553131    1
1    -58.2245178223    62.0950164795    1
1    -58.2671852112    62.1798515320    1
1    -58.3795566559    62.2122573853    1
1    -58.5610866547    62.1919498444    1
1    -58.7423419952    62.1713752747    1
1    -58.8105468750    62.1186370850    1
1    -58.8786239624    62.0659427643    1
1    -58.9462966919    62.0131530762    1
1    -58.9017658234    61.9286155701    1
1    -58.8575096130    61.8440933228    1
1    -58.9248085022    61.7914333344    1
1    -58.9917068481    61.7386798859    1
1    -58.9474811554    61.6542587280    1
1    -58.9035301208    61.5698490143    1
1    -58.9700660706    61.5172252655    1
1    -59.0362110138    61.4645080566    1
1    -58.9922866821    61.3802013397    1
1    -59.0581951141    61.3275699615    1
1    -59.2333965302    61.3063430786    1
1    -59.2985324860    61.2535305023    1
1    -59.2541465759    61.1693973541    1
1    -59.2100315094    61.0852794647    1
1    -59.1661815643    61.0011749268    1
1    -59.2308654785    60.9485359192    1
1    -59.2951717377    60.8958053589    1
1    -59.2513656616    60.8118019104    1
1    -59.2078170776    60.7278137207    1
1    -59.1645336151    60.6438388824    1
1    -59.1215038300    60.5598812103    1
1    -59.0787315369    60.4759407043    1
1    -59.0362129211    60.3920135498    1
1    -59.0997505188    60.3395843506    1
1    -59.1629257202    60.2870674133    1
1    -59.1204395294    60.2032432556    1
1    -59.0782012939    60.1194324493    1
1    -59.0362129211    60.0356388092    1
1    -58.9944667816    59.9518623352    1
1    -58.9529647827    59.8681011200    1
1    -59.0154991150    59.8158416748    1
1    -59.0776863098    59.7634963989    1
1    -59.0362148285    59.6798400879    1
1    -58.9949798584    59.5961971283    1
1    -58.9539813995    59.5125713348    1
1    -58.9132175446    59.4289646149    1
1    -58.8726882935    59.3453750610    1
1    -58.8323879242    59.2618026733    1
1    -58.8938465118    59.2097549438    1
1    -58.9549732208    59.1576232910    1
1    -58.9146957397    59.0741519928    1
1    -58.8746490479    58.9907016754    1
1    -58.8348255157    58.9072685242    1
1    -58.8955459595    58.8553047180    1
1    -58.9559421539    58.8032569885    1
1    -58.9161396027    58.7199249268    1
1    -58.8765621185    58.6366138458    1
1    -58.8372039795    58.5533218384    1
1    -58.7980632782    58.4700450897    1
1    -58.7591400146    58.3867912292    1
1    -58.7204322815    58.3035526276    1
1    -58.6819362640    58.2203369141    1
1    -58.5840473175    58.1888504028    1
1    -58.4862575531    58.1572189331    1
1    -58.4485893250    58.0739784241    1
1    -58.4111270905    57.9907588959    1
1    -58.3738689423    57.9075603485    1
1    -58.3368129730    57.8243808746    1
1    -58.2999591827    57.7412223816    1
1    -58.2039890289    57.7094650269    1
1    -58.1081199646    57.6775665283    1
1    -58.1676311493    57.6263084412    1
1    -58.3225193024    57.6067466736    1
1    -58.3814373016    57.5553264618    1
1    -58.3447856903    57.4722919464    1
1    -58.3083267212    57.3892803192    1
1    -58.2720661163    57.3062915802    1
1    -58.1774673462    57.2745780945    1
1    -58.0829677582    57.2427253723    1
1    -58.0474777222    57.1597194672    1
1    -58.0121746063    57.0767364502    1
1    -57.9770603180    56.9937763214    1
1    -57.8837032318    56.9618492126    1
1    -57.7904453278    56.9297847748    1
1    -57.7560806274    56.8468112946    1
1    -57.7218971252    56.7638607025    1
1    -57.6878929138    56.6809329987    1
1    -57.6540660858    56.5980300903    1
1    -57.5622043610    56.5658817291    1
1    -57.4119510651    56.5842494965    1
1    -57.2615222931    56.6023998260    1
1    -57.2024841309    56.6528892517    1
1    -57.1433429718    56.7034187317    1
1    -56.9921932220    56.7211914062    1
1    -56.9005680084    56.6883792877    1
1    -56.8092174530    56.6555519104    1
1    -56.7179737091    56.6225891113    1
1    -56.6867523193    56.5394077301    1
1    -56.6556968689    56.4562530518    1
1    -56.6248016357    56.3731212616    1
1    -56.5346393585    56.3401069641    1
1    -56.4445858002    56.3069572449    1
1    -56.3547973633    56.2737960815    1
1    -56.2052612305    56.2903862000    1
1    -56.1156902313    56.2569580078    1
1    -56.0263843536    56.2235202789    1
1    -55.9371910095    56.1899490356    1
1    -55.8482589722    56.1563663483    1
1    -55.7594394684    56.1226539612    1
1    -55.6708812714    56.0889301300    1
1    -55.5218677521    56.1045131683    1
1    -55.4335365295    56.0705261230    1
1    -55.3454647064    56.0365314484    1
1    -55.1965427399    56.0516357422    1
1    -55.0474777222    56.0665264130    1
1    -54.8982772827    56.0811977386    1
1    -54.8365383148    56.1301727295    1
1    -54.8625316620    56.2136936188    1
1    -54.8886604309    56.2972431183    1
1    -54.9149284363    56.3808231354    1
1    -55.0035629272    56.4153099060    1
1    -55.0923175812    56.4496650696    1
1    -55.1192512512    56.5332565308    1
1    -55.0570411682    56.5825386047    1
1    -54.9945659637    56.6317329407    1
1    -54.9319667816    56.6809654236    1
1    -54.7797985077    56.6955127716    1
1    -54.6274929047    56.7098407745    1
1    -54.5640945435    56.7588062286    1
1    -54.5898838043    56.8426609039    1
1    -54.6158103943    56.9265480042    1
1    -54.7056598663    56.9613876343    1
1    -54.8591537476    56.9469261169    1
1    -55.0125045776    56.9322433472    1
1    -55.1027393341    56.9666786194    1
1    -55.1301460266    57.0504837036    1
1    -55.1576995850    57.1343193054    1
1    -55.0943489075    57.1837730408    1
1    -54.9397945404    57.1985950470    1
1    -54.7850933075    57.2131919861    1
1    -54.7209148407    57.2623767853    1
1    -54.6566047668    57.3115978241    1
1    -54.5012111664    57.3257846832    1
1    -54.3456745148    57.3397464752    1
1    -54.2551345825    57.3045330048    1
1    -54.2298698425    57.2203998566    1
1    -54.2047405243    57.1362991333    1
1    -54.1797466278    57.0522251129    1
1    -54.1548862457    56.9681816101    1
1    -54.0657024384    56.9329357147    1
1    -53.9766521454    56.8975563049    1
1    -53.9524574280    56.8135299683    1
1    -53.9283924103    56.7295341492    1
1    -53.9044551849    56.6455688477    1
1    -53.8806419373    56.5616321564    1
1    -53.7929058075    56.5262260437    1
1    -53.7053050995    56.4906883240    1
1    -53.6821346283    56.4067745209    1
1    -53.6590900421    56.3228893280    1
1    -53.6361637115    56.2390365601    1
1    -53.6133575439    56.1552124023    1
1    -53.5270290375    56.1196556091    1
1    -53.4408340454    56.0839691162    1
1    -53.4186477661    56.0001697540    1
1    -53.3329505920    55.9644775391    1
1    -53.2473869324    55.9286575317    1
1    -53.2258110046    55.8448829651    1
1    -53.1407413483    55.8090572357    1
1    -52.9919509888    55.8209323883    1
1    -52.8430538177    55.8325881958    1
1    -52.6940517426    55.8440265656    1
1    -52.5449428558    55.8552474976    1
1    -52.4605541229    55.8187923431    1
1    -52.4410896301    55.7349090576    1
1    -52.4217262268    55.6510601044    1
1    -52.4861316681    55.6036987305    1
1    -52.6341056824    55.5925769806    1
1    -52.7819786072    55.5812416077    1
1    -52.8660564423    55.6173248291    1
1    -52.9503726959    55.6534061432    1
1    -53.0348243713    55.6893615723    1
1    -53.1195201874    55.7253150940    1
1    -53.2678203583    55.7132625580    1
1    -53.4160099030    55.7009944916    1
1    -53.5640869141    55.6885089874    1
1    -53.7120494843    55.6758098602    1
1    -53.8598918915    55.6628952026    1
1    -53.9221439362    55.6145706177    1
1    -53.9842700958    55.5662822723    1
1    -54.1315059662    55.5529785156    1
1    -54.1931419373    55.5045166016    1
1    -54.1694240570    55.4211406708    1
1    -54.1458263397    55.3377933502    1
1    -54.0610790253    55.3028354645    1
1    -53.9764537811    55.2677516937    1
1    -53.9534568787    55.1844272614    1
1    -53.9305763245    55.1011352539    1
1    -53.8466663361    55.0660381317    1
1    -53.7014961243    55.0788955688    1
1    -53.5562152863    55.0915431976    1
1    -53.4726753235    55.0560741425    1
1    -53.4510993958    54.9727306366    1
1    -53.4296321869    54.8894233704    1
1    -53.3467922211    54.8539466858    1
1    -53.2023677826    54.8660640717    1
1    -53.0578384399    54.8779716492    1
1    -52.9753761292    54.8421268463    1
1    -52.9551887512    54.7587757111    1
1    -52.9351024628    54.6754589081    1
1    -52.8533267975    54.6396121979    1
1    -52.7716770172    54.6036472321    1
1    -52.7521419525    54.5203628540    1
1    -52.7327060699    54.4371128082    1
1    -52.6517276764    54.4011459351    1
1    -52.5090179443    54.4122238159    1
1    -52.3662166595    54.4230957031    1
1    -52.2856235504    54.3867721558    1
1    -52.2674217224    54.3034934998    1
1    -52.2493095398    54.2202472687    1
1    -52.1693744659    54.1839275360    1
1    -52.0895671844    54.1474895477    1
1    -52.0099754333    54.1110534668    1
1    -51.8682956696    54.1211853027    1
1    -51.7265319824    54.1311092377    1
1    -51.6473312378    54.0943222046    1
1    -51.5683441162    54.0575370789    1
1    -51.4267616272    54.0670223236    1
1    -51.2851009369    54.0763034821    1
1    -51.2065162659    54.0391693115    1
1    -51.1911582947    53.9558620453    1
1    -51.1758766174    53.8725910187    1
1    -51.2386264801    53.8264770508    1
1    -51.3011684418    53.7802734375    1
1    -51.3635787964    53.7341003418    1
1    -51.4415912628    53.7709846497    1
1    -51.5198116302    53.8078727722    1
1    -51.5981636047    53.8446464539    1
1    -51.6767272949    53.8814239502    1
1    -51.8174610138    53.8715858459    1
1    -51.9581127167    53.8615436554    1
1    -52.0370616913    53.8979721069    1
1    -52.1162223816    53.9344024658    1
1    -52.2570457458    53.9239234924    1
1    -52.3977794647    53.9132423401    1
1    -52.5384235382    53.9023551941    1
1    -52.6789741516    53.8912677765    1
1    -52.8194351196    53.8799743652    1
1    -52.9598007202    53.8684806824    1
1    -53.0200405121    53.8211746216    1
1    -53.0801620483    53.7739028931    1
1    -53.1400661469    53.7265472412    1
1    -53.1998538971    53.6792259216    1
1    -53.2594261169    53.6318225861    1
1    -53.2392616272    53.5490798950    1
1    -53.2191963196    53.4663696289    1
1    -53.1992301941    53.3836936951    1
1    -53.2583370209    53.3364257812    1
1    -53.3963298798    53.3243350983    1
1    -53.4550151825    53.2769031525    1
1    -53.4345912933    53.1943664551    1
1    -53.4142627716    53.1118621826    1
1    -53.3940334320    53.0293922424    1
1    -53.3156623840    52.9942493439    1
1    -53.2374038696    52.9589900970    1
1    -53.2176837921    52.8765525818    1
1    -53.1980571747    52.7941532135    1
1    -53.1204147339    52.7588939667    1
1    -53.0428829193    52.7235221863    1
1    -53.0237560272    52.6411571503    1
1    -53.0047168732    52.5588264465    1
1    -52.9857692719    52.4765319824    1
1    -52.9669113159    52.3942699432    1
1    -53.0246677399    52.3474102020    1
1    -53.0822257996    52.3004703522    1
1    -53.0632362366    52.2183132172    1
1    -53.0443344116    52.1361923218    1
1    -53.0255203247    52.0541038513    1
1    -53.0826435089    52.0072994232    1
1    -53.1395721436    51.9604187012    1
1    -53.1963939667    51.9135704041    1
1    -53.2530212402    51.8666439056    1
1    -53.3095455170    51.8197517395    1
1    -53.3658752441    51.7727813721    1
1    -53.4221000671    51.7258472443    1
1    -53.4781322479    51.6788368225    1
1    -53.4585647583    51.5970592499    1
1    -53.4390850067    51.5153160095    1
1    -53.4196968079    51.4336071014    1
1    -53.4753208160    51.3867340088    1
1    -53.6057796478    51.3744735718    1
1    -53.6610240936    51.3274497986    1
1    -53.6412315369    51.2458782196    1
1    -53.6962776184    51.1989231110    1
1    -53.8259792328    51.1863632202    1
1    -53.8806476593    51.1392593384    1
1    -53.8604640961    51.0578289032    1
1    -53.9149379730    51.0107936859    1
1    -54.0438880920    50.9979381561    1
1    -54.1727466583    50.9849014282    1
1    -54.3015117645    50.9716796875    1
1    -54.3552341461    50.9243545532    1
1    -54.4088649750    50.8770637512    1
1    -54.4623088837    50.8297004700    1
1    -54.5156612396    50.7823715210    1
1    -54.6435813904    50.7686824799    1
1    -54.6965599060    50.7212123871    1
1    -54.6747913361    50.6401748657    1
1    -54.6531181335    50.5591716766    1
1    -54.6315422058    50.4782047272    1
1    -54.6100616455    50.3972702026    1
1    -54.5361423492    50.3636627197    1
1    -54.4623107910    50.3299465179    1
1    -54.3886623383    50.2962303162    1
1    -54.2622947693    50.3095207214    1
1    -54.1358356476    50.3226337433    1
1    -54.0092868805    50.3355712891    1
1    -53.8826484680    50.3483276367    1
1    -53.7559242249    50.3609085083    1
1    -53.6828250885    50.3265533447    1
1    -53.6635227203    50.2454776764    1
1    -53.6443061829    50.1644382477    1
1    -53.5717430115    50.1300888062    1
1    -53.4992733002    50.0956344604    1
1    -53.4269790649    50.0611801147    1
1    -53.3547801971    50.0266208649    1
1    -53.3363513947    49.9456272125    1
1    -53.3180046082    49.8646697998    1
1    -53.3714122772    49.8183002472    1
2    -61.7150440216    44.3394794464    1
2    -61.8202037811    44.3167362213    1
2    -61.9252452850    44.2938594818    1
2    -62.0301723480    44.2708454132    1
2    -62.1349792480    44.2476997375    1
2    -62.2396697998    44.2244186401    1
2    -62.3082332611    44.2503166199    1
2    -62.3409061432    44.3255558014    1
2    -62.3736991882    44.4008216858    1
2    -62.3376102448    44.4502582550    1
2    -62.3013744354    44.4996566772    1
2    -62.3342342377    44.5750331879    2
2    -62.2979450226    44.6245136261    2
2    -62.2615070343    44.6739540100    2
2    -62.2250404358    44.7234363556    2
2    -62.1190605164    44.7467803955    2
2    -62.0129566193    44.7699871063    2
2    -61.9436492920    44.7436962128    2
2    -61.8744907379    44.7173919678    2
2    -61.8053627014    44.6909923553    2
2    -61.7363815308    44.6645793915    2
2    -61.6302795410    44.6872692108    1
2    -61.5240592957    44.7098217010    1
2    -61.4177207947    44.7322368622    1
2    -61.3112697601    44.7545146942    1
2    -61.2735233307    44.8035449982    1
2    -61.2357444763    44.8526153564    1
2    -61.1288795471    44.8746719360    1
2    -61.0218963623    44.8965873718    1
2    -60.9147987366    44.9183654785    1
2    -60.8764247894    44.9672641754    1
2    -60.8380146027    45.0162048340    2
2    -60.7994537354    45.0651016235    2
2    -60.7608585358    45.1140384674    2
2    -60.7221126556    45.1629314423    2
2    -60.6833286285    45.2118644714    2
2    -60.5752182007    45.2332401276    2
2    -60.4669914246    45.2544727325    2
2    -60.4277553558    45.3032722473    2
2    -60.3884811401    45.3521118164    2
2    -60.2798404694    45.3731136322    2
2    -60.1710853577    45.3939723969    2
2    -60.0622177124    45.4146881104    2
2    -60.0223369598    45.4633445740    2
2    -59.9824161530    45.5120410919    2
2    -59.8731346130    45.5325202942    2
2    -59.7637386322    45.5528583527    2
2    -59.6542358398    45.5730495453    2
2    -59.6137046814    45.6215591431    2
2    -59.5731315613    45.6701068878    2
2    -59.4632129669    45.6900596619    2
2    -59.3531856537    45.7098674774    1
2    -59.2840824127    45.6811237335    1
2    -59.2561225891    45.6040096283    1
2    -59.2282676697    45.5269260406    1
2    -59.2691650391    45.4786415100    1
2    -59.3099117279    45.4303092957    1
2    -59.2820739746    45.3533382416    1
2    -59.3227329254    45.3050861359    1
2    -59.3632411957    45.2567844391    1
2    -59.4037055969    45.2085227966    1
2    -59.5123500824    45.1887187958    1
2    -59.6208877563    45.1687717438    1
2    -59.7293186188    45.1486816406    1
2    -59.7691860199    45.1002330780    1
2    -59.8090114594    45.0518245697    1
2    -59.8773574829    45.0799541473    1
2    -59.9458522797    45.1080741882    1
2    -60.0539588928    45.0875606537    1
2    -60.1225337982    45.1154899597    1
2    -60.1912574768    45.1434097290    1
2    -60.2993316650    45.1225605011    1
2    -60.4072933197    45.1015701294    1
2    -60.4463024139    45.0528068542    1
2    -60.4852733612    45.0040855408    1
2    -60.5240974426    44.9553184509    1
2    -60.4943027496    44.8790321350    1
2    -60.5330524445    44.8303470612    1
2    -60.6401195526    44.8090896606    1
2    -60.7470760345    44.7876930237    1
2    -60.8539199829    44.7661571503    1
2    -60.8920764923    44.7172946930    1
2    -60.9301986694    44.6684741974    1
2    -61.0366325378    44.6467151642    1
2    -61.1429538727    44.6248188019    1
2    -61.2491626740    44.6027832031    1
2    -61.2866935730    44.5537929535    1
2    -61.3241939545    44.5048427582    1
2    -61.4299926758    44.4825878143    1
2    -61.5356769562    44.4601974487    1
2    -61.6412448883    44.4376697540    1
2    -61.6781597137    44.3885536194    1
2    -61.7150440216    44.3394794464    1
3    -58.8398342133    49.2859916687    2
3    -58.9607505798    49.2664127350    2
3    -59.0815410614    49.2466716766    2
3    -59.1570739746    49.2762222290    1
3    -59.1876029968    49.3552608490    1
3    -59.2182617188    49.4343280792    1
3    -59.1729660034    49.4839096069    1
3    -59.1274871826    49.5334339142    1
3    -59.1581649780    49.6126098633    1
3    -59.1125736237    49.6622123718    1
3    -59.0667934418    49.7117595673    1
3    -59.0974903107    49.7910480499    1
3    -59.1283168793    49.8703613281    1
3    -59.0823669434    49.9200286865    1
3    -58.9593734741    49.9398555756    1
3    -58.9130420685    49.9894065857    1
3    -58.9436397552    50.0688838959    1
3    -58.9743690491    50.1483860016    1
3    -59.0517368317    50.1782455444    1
3    -59.1291637421    50.2079925537    2
3    -59.1604118347    50.2875003815    2
3    -59.1139812469    50.3373126984    2
3    -59.0673561096    50.3870677948    2
3    -59.0206737518    50.4368610382    2
3    -58.8959045410    50.4566631317    2
3    -58.7710056305    50.4762935638    2
3    -58.7237358093    50.5259094238    2
3    -58.7543697357    50.6057109833    2
3    -58.7069778442    50.6554069519    2
3    -58.5812911987    50.6747989655    1
3    -58.5335063934    50.7243728638    1
3    -58.5638904572    50.8043365479    2
3    -58.5159778595    50.8539905548    2
3    -58.4678668976    50.9035835266    2
3    -58.4196910858    50.9532184601    2
3    -58.2928161621    50.9722404480    2
3    -58.1658096313    50.9910888672    2
3    -58.0386734009    51.0097618103    2
3    -57.9114036560    51.0282573700    2
3    -57.8331775665    50.9972553253    2
3    -57.8042507172    50.9169597626    2
3    -57.8532829285    50.8677177429    2
3    -57.9021186829    50.8184127808    2
3    -57.8731822968    50.7382297516    2
3    -57.9218807220    50.6890029907    2
3    -57.9703826904    50.6397132874    2
3    -57.9414367676    50.5596351624    2
3    -57.9898052216    50.5104255676    2
3    -58.0379810333    50.4611530304    2
3    -58.0090293884    50.3811836243    2
3    -58.0570716858    50.3319911957    2
3    -58.1049232483    50.2827358246    2
3    -58.1527099609    50.2335205078    2
3    -58.2003040314    50.1842460632    2
3    -58.2478332520    50.1350097656    2
3    -58.2951755524    50.0857124329    2
3    -58.2659626007    50.0060138702    2
3    -58.3131752014    49.9567966461    2
3    -58.3602027893    49.9075183868    2
3    -58.4071674347    49.8582801819    2
3    -58.4539432526    49.8089847565    2
3    -58.5006580353    49.7597293854    2
3    -58.5471858978    49.7104129791    2
3    -58.5936527252    49.6611366272    2
3    -58.6399345398    49.6118030548    2
3    -58.6861572266    49.5625095367    2
3    -58.7321929932    49.5131568909    2
3    -58.7024993896    49.4338836670    2
3    -58.7484188080    49.3846111298    2
3    -58.7941551208    49.3352813721    2
3    -58.8398342133    49.2859916687    2
4    -62.6107635498    48.2460746765    1
4    -62.7262287140    48.2215023041    1
4    -62.8023834229    48.2476806641    1
4    -62.8787155151    48.2738380432    1
4    -62.9940929413    48.2489013672    1
4    -63.1093177795    48.2238140106    1
4    -63.1479740143    48.1727371216    1
4    -63.1866035461    48.1217041016    1
4    -63.2628707886    48.1474552155    1
4    -63.3008365631    48.2243041992    1
4    -63.3774604797    48.2500133514    1
4    -63.4541110992    48.2756156921    2
4    -63.4925899506    48.3524456024    2
4    -63.5312252045    48.4292945862    2
4    -63.4928226471    48.4806270599    2
4    -63.4542388916    48.5319175720    2
4    -63.4929790497    48.6088714600    2
4    -63.5318756104    48.6858482361    2
4    -63.4932155609    48.7372665405    2
4    -63.4543724060    48.7886390686    2
4    -63.4933738708    48.8657207489    2
4    -63.5325374603    48.9428234100    2
4    -63.4936141968    48.9943256378    2
4    -63.3762836456    49.0200538635    2
4    -63.2980899811    48.9942150116    2
4    -63.2200851440    48.9683532715    2
4    -63.1421089172    48.9423847198    2
4    -63.0643177032    48.9163932800    2
4    -62.9469413757    48.9415302277    2
4    -62.8692092896    48.9153194427    2
4    -62.8314285278    48.8379402161    2
4    -62.7540645599    48.8116874695    2
4    -62.6368122101    48.8363876343    2
4    -62.5595111847    48.8099193573    2
4    -62.4823951721    48.7834320068    2
4    -62.3650531769    48.8077602386    2
4    -62.2475585938    48.8319377899    2
4    -62.1705417633    48.8051223755    2
4    -62.0937080383    48.7782878876    2
4    -62.0169105530    48.7513465881    2
4    -61.9402961731    48.7243881226    2
4    -61.8227939606    48.7479743958    2
4    -61.7051486969    48.7714042664    2
4    -61.6286430359    48.7441196442    1
4    -61.5523204803    48.7168178558    1
4    -61.4760360718    48.6894092560    1
4    -61.5174274445    48.6389846802    1
4    -61.6347789764    48.6158294678    1
4    -61.7519893646    48.5925178528    1
4    -61.8690528870    48.5690498352    1
4    -61.9859733582    48.5454292297    1
4    -62.1027469635    48.5216522217    1
4    -62.2193756104    48.4977226257    1
4    -62.2957305908    48.5243968964    1
4    -62.3722667694    48.5510520935    1
4    -62.4888134003    48.5267524719    1
4    -62.6052112579    48.5023002625    1
4    -62.6448249817    48.4513626099    1
4    -62.6079597473    48.3741111755    1
4    -62.5712413788    48.2968864441    1
4    -62.6107635498    48.2460746765    1
5    -59.4739456177    46.6779060364    1
5    -59.5866184235    46.6578044891    1
5    -59.6991786957    46.6375503540    1
5    -59.7702083588    46.6660823822    2
5    -59.7999401093    46.7435760498    2
5    -59.8297882080    46.8210983276    2
5    -59.7882404327    46.8701534271    1
5    -59.7465305328    46.9191589355    1
5    -59.7764053345    46.9967937469    2
5    -59.8064022064    47.0744571686    2
5    -59.8365173340    47.1521530151    2
5    -59.9086437225    47.1807079315    2
5    -59.9808139801    47.2091617584    2
5    -60.0531520844    47.2376060486    2
5    -60.1255340576    47.2659473419    2
5    -60.1564331055    47.3436222076    2
5    -60.1147403717    47.3930110931    1
5    -60.0728816986    47.4423484802    1
5    -60.1038169861    47.5201358795    1
5    -60.1348762512    47.5979499817    1
5    -60.1660614014    47.6757926941    1
5    -60.1973724365    47.7536659241    1
5    -60.2288074493    47.8315658569    1
5    -60.1866798401    47.8811473846    1
5    -60.0707340240    47.9022312164    1
5    -59.9546623230    47.9231586456    1
5    -59.8811073303    47.8945007324    2
5    -59.8503227234    47.8164424896    2
5    -59.8196620941    47.7384128571    2
5    -59.7891254425    47.6604099274    2
5    -59.7587089539    47.5824394226    2
5    -59.7284164429    47.5044956207    2
5    -59.6982460022    47.4265804291    2
5    -59.6258773804    47.3978424072    2
5    -59.5535564423    47.3690013885    2
5    -59.4814033508    47.3401508331    2
5    -59.4092979431    47.3111991882    2
5    -59.3373584747    47.2822360992    2
5    -59.2227497101    47.3020820618    2
5    -59.1080207825    47.3217754364    2
5    -59.0362300873    47.2925071716    2
5    -58.9646034241    47.2632312775    2
5    -58.8498611450    47.2825679779    2
5    -58.7783355713    47.2530879974    1
5    -58.7502536774    47.1749763489    1
5    -58.6790580750    47.1454792023    1
5    -58.6079120636    47.1158809662    1
5    -58.6512508392    47.0673904419    1
5    -58.7654590607    47.0483512878    1
5    -58.8084716797    46.9997539520    1
5    -58.8514328003    46.9511966705    1
5    -58.9652061462    46.9319019318    1
5    -59.0078430176    46.8832416534    1
5    -59.0504322052    46.8346214294    1
5    -59.1637706757    46.8150691986    1
5    -59.2769947052    46.7953681946    1
5    -59.3901062012    46.7755146027    1
5    -59.4320487976    46.7266902924    1
5    -59.4739456177    46.6779060364    1
6    -52.3602142334    48.5939922333    1
6    -52.4815063477    48.5835113525    1
6    -52.6027317047    48.5728626251    1
6    -52.6714611053    48.6076583862    2
6    -52.6878318787    48.6881046295    2
6    -52.7042732239    48.7685909271    2
6    -52.7207832336    48.8491172791    2
6    -52.7373638153    48.9296798706    1
6    -52.8069019318    48.9644985199    1
6    -52.8765354156    48.9992160797    2
6    -52.8935165405    49.0798263550    2
6    -52.9105701447    49.1604728699    1
6    -52.8575706482    49.2064266205    1
6    -52.8044033051    49.2523097992    1
6    -52.8213443756    49.3330612183    1
6    -52.8383560181    49.4138526917    2
6    -52.9088935852    49.4486961365    2
6    -52.9795246124    49.4834365845    2
6    -52.9969501495    49.5642719269    1
6    -53.0679206848    49.5990219116    1
6    -53.1389846802    49.6336669922    1
6    -53.2102203369    49.6683158875    1
6    -53.2815494537    49.7028636932    2
6    -53.2997379303    49.7837486267    1
6    -53.2463302612    49.8301181793    1
6    -53.1211700439    49.8417587280    1
6    -52.9959316254    49.8532257080    1
6    -52.8706130981    49.8645153046    1
6    -52.7452201843    49.8756275177    1
6    -52.6197547913    49.8865642548    1
6    -52.5486564636    49.8513927460    1
6    -52.4777297974    49.8162250519    1
6    -52.4069023132    49.7809543610    1
6    -52.3362464905    49.7456893921    1
6    -52.2111015320    49.7560386658    1
6    -52.0858879089    49.7662105560    1
6    -52.0155296326    49.7306385040    1
6    -51.9453411102    49.6950740814    1
6    -51.8752536774    49.6594066620    1
6    -51.8602199554    49.5783176422    1
6    -51.8452548981    49.4972686768    1
6    -51.8999404907    49.4519042969    1
6    -52.0241527557    49.4420146942    1
6    -52.1482963562    49.4319496155    1
6    -52.2024860382    49.3863639832    1
6    -52.1868572235    49.3054714203    1
6    -52.1712951660    49.2246131897    1
6    -52.1557998657    49.1437969208    1
6    -52.1403713226    49.0630187988    1
6    -52.1940746307    49.0175971985    1
6    -52.3167781830    49.0073223114    1
6    -52.3701553345    48.9617538452    1
6    -52.3543415070    48.8811073303    1
6    -52.3385982513    48.8004970551    1
6    -52.3229198456    48.7199268341    1
6    -52.3073081970    48.6393947601    1
6    -52.3602142334    48.5939922333    1
7    -50.1379375458    53.1361045837    1
7    -50.2760276794    53.1285343170    1
7    -50.3514995575    53.1661643982    1
7    -50.4271678925    53.2038021088    1
7    -50.5654602051    53.1958122253    1
7    -50.7036914825    53.1876220703    1
7    -50.8418560028    53.1792297363    1
7    -50.9037551880    53.1334495544    1
7    -50.9655246735    53.0876998901    1
7    -51.0416507721    53.1247730255    1
7    -51.1179771423    53.1618499756    1
7    -51.1944313049    53.1988162994    1
7    -51.2710857391    53.2357883453    1
7    -51.4092960358    53.2265720367    1
7    -51.5474338531    53.2171573639    1
7    -51.6244697571    53.2537899017    1
7    -51.6405601501    53.3367023468    1
7    -51.6567306519    53.4196510315    1
7    -51.5953292847    53.4659900665    1
7    -51.4561996460    53.4754867554    1
7    -51.3169956207    53.4847812653    1
7    -51.2397308350    53.4477958679    1
7    -51.1626701355    53.4108142853    1
7    -51.0236530304    53.4196796417    1
7    -50.8845615387    53.4283447266    1
7    -50.7454013824    53.4368076324    1
7    -50.6061744690    53.4450702667    1
7    -50.5432777405    53.4906768799    1
7    -50.5568466187    53.5738677979    1
7    -50.4936790466    53.6195335388    1
7    -50.3536434174    53.6274375916    1
7    -50.2135467529    53.6351394653    1
7    -50.1371574402    53.5972404480    1
7    -50.1246013641    53.5139827728    1
7    -50.1121082306    53.4307613373    1
7    -50.0363178253    53.3928852081    1
7    -49.9606666565    53.3548984528    1
7    -49.9486255646    53.2717323303    1
7    -50.0119056702    53.2265720367    1
7    -50.0749893188    53.1813240051    1
7    -50.1379375458    53.1361045837    1
8    -44.0022029877    58.9465522766    1
8    -44.1684780121    58.9479236603    1
8    -44.2505359650    58.9914493561    1
8    -44.3328304291    59.0349922180    1
8    -44.4153709412    59.0784111023    1
8    -44.4136600494    59.1644096375    1
8    -44.4966812134    59.2078666687    1
8    -44.6644496918    59.2084960938    1
8    -44.8322238922    59.2088737488    1
8    -44.9159889221    59.2519569397    1
8    -44.9157409668    59.3380298615    1
8    -44.9154930115    59.4241352081    1
8    -45.0000000000    59.4672679901    1
8    -45.1692638397    59.4671421051    1
8    -45.3385238647    59.4667606354    1
8    -45.4237766266    59.5095119476    1
8    -45.5092830658    59.5522785187    1
8    -45.5950374603    59.5949153900    1
8    -45.5968074799    59.6811199188    1
8    -45.5123195648    59.7246875763    2
8    -45.3415508270    59.7253303528    2
8    -45.1707763672    59.7257156372    2
8    -45.0000000000    59.7258453369    2
8    -44.8292236328    59.7257156372    2
8    -44.7442188263    59.6824016571    2
8    -44.6594638824    59.6391067505    2
8    -44.5749664307    59.5956840515    2
8    -44.5762233734    59.5095119476    1
8    -44.4922199249    59.4661235809    1
8    -44.3229751587    59.4652328491    2
8    -44.1537418365    59.4640884399    2
8    -44.0705070496    59.4203243256    2
8    -44.0732383728    59.3342304230    2
8    -44.0759563446    59.2481727600    2
8    -44.0786590576    59.1621456146    2
8    -44.0813446045    59.0761547089    2
8    -43.9993000031    59.0324897766    2
8    -43.9175071716    58.9887008667    2
8    -44.0022029877    58.9465522766    1
9    -63.1087417603    43.8595066071    1
9    -63.1772346497    43.8845901489    1
9    -63.2458705902    43.9096565247    1
9    -63.3490638733    43.8849830627    1
9    -63.4177417755    43.9098625183    1
9    -63.4521560669    43.9844493866    1
9    -63.4866905212    44.0590610504    2
9    -63.4522380829    44.1088695526    2
9    -63.3485450745    44.1337184906    2
9    -63.2447280884    44.1584358215    1
9    -63.1407871246    44.1830215454    1
9    -63.1057510376    44.2326850891    1
9    -63.1398658752    44.3075790405    1
9    -63.1047840118    44.3573246002    2
9    -63.0695533752    44.4070320129    2
9    -63.0342998505    44.4567832947    2
9    -62.9294776917    44.4811458588    2
9    -62.8600788116    44.4556999207    2
9    -62.7908267975    44.4302406311    2
9    -62.7215995789    44.4046859741    2
9    -62.6881694794    44.3295612335    1
9    -62.7237911224    44.2800502777    1
9    -62.7592658997    44.2304992676    1
9    -62.7947177887    44.1809902191    1
9    -62.8988571167    44.1568565369    1
9    -63.0028762817    44.1325912476    1
9    -63.0378913879    44.0829696655    1
9    -63.0041465759    44.0081539154    1
9    -63.0391159058    43.9586162567    1
9    -63.0739402771    43.9090404510    1
9    -63.1087417603    43.8595066071    1
10    -46.3866195679    60.1491146088    1
10    -46.5598659515    60.1468944550    1
10    -46.7330856323    60.1444110870    1
10    -46.9062709808    60.1416664124    1
10    -47.0794219971    60.1386623383    1
10    -47.2525348663    60.1353969574    1
10    -47.4256076813    60.1318721771    1
10    -47.5986366272    60.1280822754    1
10    -47.7716159821    60.1240367889    1
10    -47.9445476532    60.1197280884    1
10    -48.0355625153    60.1605815887    1
10    -48.1268672943    60.2014446259    1
10    -48.2184028625    60.2421684265    1
10    -48.2281932831    60.3284912109    1
10    -48.1459217072    60.3741073608    2
10    -48.0633583069    60.4196014404    2
10    -47.9805564880    60.4651203156    2
10    -47.8055171967    60.4694881439    2
10    -47.6304264069    60.4735908508    2
10    -47.4552898407    60.4774322510    2
10    -47.2801036835    60.4810047150    2
10    -47.1048755646    60.4843177795    2
10    -46.9296073914    60.4873638153    2
10    -46.8391361237    60.4455070496    2
10    -46.7489490509    60.4036617279    2
10    -46.5741481781    60.4061679840    2
10    -46.4844646454    60.3640518188    2
10    -46.3950595856    60.3219490051    2
10    -46.3059062958    60.2797088623    2
10    -46.3019504547    60.1932888031    1
10    -46.3866195679    60.1491146088    1
11    -62.6730499268    47.0478572845    1
11    -62.7849617004    47.0233974457    1
11    -62.8967323303    46.9987888336    2
11    -63.0083637238    46.9740390778    2
11    -63.0822887421    46.9997558594    2
11    -63.1187934875    47.0761070251    2
11    -63.1930561066    47.1017856598    2
11    -63.2673454285    47.1273612976    2
11    -63.3418025970    47.1529178619    2
11    -63.4162845612    47.1783695221    2
11    -63.4536132812    47.2546634674    2
11    -63.4910831451    47.3309822083    2
11    -63.5287036896    47.4073219299    2
11    -63.4913043976    47.4583129883    2
11    -63.3785915375    47.4837875366    1
11    -63.3034744263    47.4582080841    1
11    -63.2662487030    47.3817424774    1
11    -63.1914749146    47.3561229706    1
11    -63.1167278290    47.3304004669    1
11    -63.0421504974    47.3046569824    1
11    -62.9676017761    47.2788105011    1
11    -62.8932228088    47.2529449463    1
11    -62.8188705444    47.2269744873    1
11    -62.7446880341    47.2009868622    1
11    -62.6705341339    47.1748943329    1
11    -62.6348152161    47.0982990265    1
11    -62.6730499268    47.0478572845    1
12    -54.3177204132    57.7747478485    1
12    -54.4096546173    57.8099231720    1
12    -54.5018730164    57.8450908661    1
12    -54.6599121094    57.8308658600    1
12    -54.8178005219    57.8164062500    1
12    -54.8829116821    57.7669639587    1
12    -54.9478874207    57.7175598145    1
12    -55.1050548553    57.7026863098    1
12    -55.2620697021    57.6875839233    1
12    -55.3548107147    57.7219314575    1
12    -55.3835887909    57.8059844971    1
12    -55.4125251770    57.8900623322    1
12    -55.3480148315    57.9398536682    1
12    -55.1897411346    57.9551010132    1
12    -55.0313110352    57.9701156616    1
12    -54.9381046295    57.9353809357    1
12    -54.8451862335    57.9006385803    1
12    -54.6868743896    57.9151439667    1
12    -54.5284118652    57.9294147491    1
12    -54.4623050690    57.9786148071    1
12    -54.3960571289    58.0278511047    1
12    -54.3034076691    57.9925613403    1
12    -54.2774372101    57.9081573486    1
12    -54.2516117096    57.8237819672    1
12    -54.3177204132    57.7747478485    1
13    -57.0090579987    46.8294677734    1
13    -57.1233272552    46.8127002716    1
13    -57.2374992371    46.7957782745    1
13    -57.3515720367    46.7787017822    1
13    -57.4210968018    46.8092422485    1
13    -57.4462738037    46.8875846863    1
13    -57.4715499878    46.9659633636    1
13    -57.5415515900    46.9964885712    1
13    -57.6116104126    47.0269145966    2
13    -57.6373081207    47.1053142548    1
13    -57.6631107330    47.1837463379    1
13    -57.6184749603    47.2318038940    2
13    -57.5031929016    47.2492961884    2
13    -57.3878078461    47.2666320801    2
13    -57.3174419403    47.2359237671    2
13    -57.2923011780    47.1573600769    1
13    -57.2672595978    47.0788288116    1
13    -57.2423171997    47.0003318787    1
13    -57.1725940704    46.9696025848    1
13    -57.0578880310    46.9864540100    1
13    -56.9882850647    46.9555282593    2
13    -56.9639797211    46.8770141602    1
13    -57.0090579987    46.8294677734    1
14    -51.8685874939    47.2510375977    1
14    -51.9858493805    47.2413368225    1
14    -52.1030540466    47.2314739227    1
14    -52.1689872742    47.2663612366    2
14    -52.1837654114    47.3462009430    2
14    -52.1986045837    47.4260807037    2
14    -52.2135066986    47.5059986115    2
14    -52.2284698486    47.5859584808    2
14    -52.2434959412    47.6659545898    2
14    -52.1917514801    47.7110652924    1
14    -52.0731124878    47.7210845947    1
14    -52.0064601898    47.6859664917    1
14    -51.9919185638    47.6059169769    1
14    -51.9774341583    47.5259056091    1
14    -51.9112339020    47.4908084869    1
14    -51.8451251984    47.4556179047    1
14    -51.8309993744    47.3756637573    1
14    -51.8169307709    47.2957458496    1
14    -51.8685874939    47.2510375977    1
15    -59.5800971985    48.2402515411    2
15    -59.6973361969    48.2197933197    2
15    -59.8144474030    48.1991748810    1
15    -59.8884735107    48.2278995514    1
15    -59.9196701050    48.3061542511    1
15    -59.9509944916    48.3844356537    1
15    -59.9824447632    48.4627437592    1
15    -60.0140285492    48.5410823822    1
15    -59.9708309174    48.5907859802    1
15    -59.8525962830    48.6116676331    1
15    -59.7777843475    48.5827941895    2
15    -59.7466526031    48.5043487549    2
15    -59.7156505585    48.4259338379    2
15    -59.6847763062    48.3475456238    2
15    -59.6106700897    48.3186225891    2
15    -59.5366153717    48.2895946503    2
15    -59.5800971985    48.2402515411    2
16    -60.9454135895    49.6812419891    1
16    -61.0664176941    49.6587142944    1
16    -61.1443195343    49.6866073608    1
16    -61.2224121094    49.7144813538    1
16    -61.3005466461    49.7422447205    2
16    -61.3360233307    49.8207092285    2
16    -61.2931308746    49.8714694977    2
16    -61.2500457764    49.9221782684    2
16    -61.2069168091    49.9729290009    2
16    -61.0849685669    49.9956912994    2
16    -61.0063858032    49.9676456451    2
16    -60.9279975891    49.9395828247    2
16    -60.8496532440    49.9114093781    2
16    -60.8151206970    49.8327083588    1
16    -60.8586940765    49.7822418213    1
16    -60.9020767212    49.7317218781    1
16    -60.9454135895    49.6812419891    1
17    -59.1336040497    46.0777282715    1
17    -59.2032318115    46.1066322327    1
17    -59.2730140686    46.1355266571    1
17    -59.3428440094    46.1643218994    2
17    -59.3713703156    46.2417030334    2
17    -59.3298645020    46.2903366089    1
17    -59.2882003784    46.3389225006    1
17    -59.2464904785    46.3875465393    1
17    -59.1762828827    46.3585796356    1
17    -59.1062335968    46.3296031952    1
17    -59.0362300873    46.3005294800    1
17    -59.0083141327    46.2230014801    1
17    -59.0501976013    46.1745967865    1
17    -59.0919246674    46.1261425018    1
17    -59.1336040497    46.0777282715    1
18    -55.5735340118    46.3735942841    1
18    -55.6870651245    46.3588447571    1
18    -55.7545490265    46.3906688690    1
18    -55.7761611938    46.4692611694    1
18    -55.7978572845    46.5478897095    1
18    -55.7517013550    46.5947303772    2
18    -55.6375160217    46.6095924377    2
18    -55.5232448578    46.6243000031    2
18    -55.4555034637    46.5921897888    1
18    -55.4344654083    46.5134487152    1
18    -55.4809436798    46.4668579102    1
18    -55.5272712708    46.4202079773    1
18    -55.5735340118    46.3735942841    1
19    -48.6393566132    52.1217918396    1
19    -48.7737655640    52.1164321899    1
19    -48.9081325531    52.1108779907    1
19    -48.9799613953    52.1493587494    1
19    -48.9893398285    52.2321033478    1
19    -48.9987621307    52.3148899078    1
19    -48.9358596802    52.3591995239    1
19    -48.8005466461    52.3647994995    1
19    -48.6651897430    52.3702068329    1
19    -48.5932350159    52.3313751221    1
19    -48.5847606659    52.2485427856    1
19    -48.5763282776    52.1657524109    1
19    -48.6393566132    52.1217918396    1
20    -51.6071453094    54.9854698181    1
20    -51.7526283264    54.9756698608    1
20    -51.8980255127    54.9656581879    1
20    -51.9795627594    55.0023536682    1
20    -51.9974174500    55.0859985352    1
20    -52.0153656006    55.1696777344    1
20    -51.9511833191    55.2166919708    1
20    -51.8046875000    55.2267932892    1
20    -51.6581020355    55.2366809845    1
20    -51.5762996674    55.1996173859    1
20    -51.5594558716    55.1158466339    1
20    -51.5426959991    55.0321140289    1
20    -51.6071453094    54.9854698181    1
21    -58.8859100342    45.3824863434    1
21    -58.9541645050    45.4114608765    1
21    -58.9814147949    45.4885749817    1
21    -58.9402141571    45.5367603302    1
21    -58.8717060089    45.5077056885    1
21    -58.8446521759    45.4305458069    1
21    -58.8859100342    45.3824863434    1
22    -55.0986366272    58.6599464417    1
22    -55.1942157745    58.6945953369    1
22    -55.2234821320    58.7790851593    1
22    -55.1567211151    58.8289737701    1
22    -55.0606689453    58.7942047119    1
22    -55.0318508148    58.7096672058    1
22    -55.0986366272    58.6599464417    1
23    -55.2697200775    51.1172351837    2
23    -55.3458690643    51.1503849030    2
23    -55.2931213379    51.1983566284    2
23    -55.2168674469    51.1651000977    0
23    -55.2697200775    51.1172351837    2
