   0.0   -9.35753880319   69.2148224456   3.0
   3982.61325095   -8.3553732415   70.8617834701   3.0
   35107.1412071   -7.80978365435   71.0962650106   3.0
   0.0   9.50347793769   63.9668505435   3.0
   0.0   11.1438745386   65.1085679966   3.0
   3982.61325095   -8.45837528737   70.8710864868   3.0
   0.0   -8.3553732415   70.8617834701   3.0
   8458.65413428   -7.80978365435   71.0962650106   3.0
   35107.1412071   -8.45837528737   70.8710864868   3.0
   8458.65413428   -7.71561535594   71.0283953536   3.0
   0.0   -7.80978365435   71.0962650106   3.0
   0.0   -3.41554693345   71.0182620646   3.0
   0.0   12.2881135683   66.6613107483   3.0
   0.0   12.2165785234   67.5822401803   3.0
   11061.0002171   12.6205090247   67.561067494   3.0
   15783.3427315   12.7717194266   67.5676898913   3.0
   11061.0002171   12.4480709135   67.6338824328   3.0
   0.0   12.4554432044   67.4817394435   3.0
   6550.14088217   12.7717194266   67.5676898913   3.0
   15783.3427315   12.4480709135   67.6338824328   3.0
   6550.14088217   12.6205090247   67.561067494   3.0
   0.0   12.7717194266   67.5676898913   3.0
   0.0   14.0136457876   68.4825800013   3.0
   0.0   15.1024528459   69.0923581066   3.0
   23298.8031781   20.6090119149   74.8609304997   3.0
   0.0   -6.42034560647   76.2084290386   3.0
   0.0   -4.71273459089   76.9039498806   3.0
   20541.6911804   -4.54080240225   77.1176444228   3.0
   20541.6911804   -4.69852336466   76.9389161381   3.0
   0.0   -4.54080240225   77.1176444228   3.0
   29617.7170389   -4.18579176274   77.4255356853   3.0
   29617.7170389   -4.53449277485   77.174196277   3.0
   0.0   -4.18579176274   77.4255356853   3.0
   30741.4428871   -3.81309315996   77.7329608364   3.0
   30741.4428871   -4.17437100509   77.4713984824   3.0
   0.0   -3.81309315996   77.7329608364   3.0
   0.0   0.13582471016   79.0095255297   3.0
   21071.3438733   0.502299069183   79.2093981538   3.0
   45096.1725946   0.855096334666   79.4128659419   3.0
   23298.8031781   21.0465364899   74.686878336   3.0
   0.0   18.4721652733   74.4895801992   3.0
   987.189690008   16.4032020491   76.1670462726   3.0
   21071.3438733   0.171885926459   79.0326962087   3.0
   0.0   0.502299069183   79.2093981538   3.0
   14160.458621   0.855096334666   79.4128659419   3.0
   49315.0810323   1.51780342704   79.7016185977   3.0
   45096.1725946   0.171885926459   79.0326962087   3.0
   14160.458621   0.61219277372   79.2951875488   3.0
   0.0   0.855096334666   79.4128659419   3.0
   19904.9978714   1.51780342704   79.7016185977   3.0
   0.0   14.8465504869   76.4850488684   3.0
   32939.8947101   15.7560174784   76.2829728564   3.0
   12349.8484309   10.207331685   78.5659711863   3.0
   987.189690008   16.4343009484   76.1622930339   3.0
   32939.8947101   14.8465504869   76.4850488684   3.0
   0.0   15.7560174784   76.2829728564   3.0
   49315.0810323   0.61219277372   79.2951875488   3.0
   19904.9978714   1.03356693825   79.5475160285   3.0
   0.0   1.51780342704   79.7016185977   3.0
   42614.837409   4.07649681435   80.033158603   3.0
   12349.8484309   10.5813166238   78.4846853215   3.0
   0.0   10.207331685   78.5659711863   3.0
   4530.64496424   4.56772004832   80.031161233   3.0
   42614.837409   2.09634696978   79.8763599627   3.0
   4530.64496424   4.79967872947   80.0273411442   3.0
   0.0   4.07649681435   80.033158603   3.0
   42741.3827081   -8.60653871457   70.7837229462   3.5
   15828.2456477   -7.49667024612   70.9528487271   3.5
   12655.7272022   -7.83013101442   71.1638208185   3.5
   49344.9147798   -3.50818441611   71.0566819549   3.5
   24254.3187537   -4.71273459089   76.9039498806   3.5
   39630.0553251   -4.54080240225   77.1176444228   3.5
   30518.719057   9.50347793769   63.9668505435   3.5
   8082.35971214   9.51457710284   63.9645500708   3.5
   3572.37763869   11.1438745386   65.1085679966   3.5
   3203.99730738   12.2881135683   66.6613107483   3.5
   22037.2382381   12.2165785234   67.5822401803   3.5
   11952.7359313   12.4554432044   67.4817394435   3.5
   16028.8207402   12.9525119237   67.569481422   3.5
   3358.48090389   12.2165785234   67.5822401803   3.5
   16578.6918892   12.6205090247   67.561067494   3.5
   21057.9887423   12.7717194266   67.5676898913   3.5
   20403.8126616   14.0136457876   68.4825800013   3.5
   20641.1102612   15.1024528459   69.0923581066   3.5
   6895.91024054   0.13582471016   79.0095255297   3.5
   23049.3983387   18.404905428   74.6441900078   3.5
   11095.3599354   0.502299069183   79.2093981538   3.5
   16508.533052   0.855096334666   79.4128659419   3.5
   24725.794922   12.5248893651   77.575381541   3.5
   31960.3808436   16.0621490209   76.2165358289   3.5
   30135.9439279   1.51780342704   79.7016185977   3.5
   28328.6285276   10.207331685   78.5659711863   3.5
   8483.19907988   -4.71273459089   76.9039498806   3.5
   14615.7386366   -4.53449277485   77.174196277   3.5
   10587.6027309   -4.18579176274   77.4255356853   3.5
   9374.14323742   -3.81309315996   77.7329608364   3.5
   29347.7883347   -4.17437100509   77.4713984824   3.5
   8761.44110523   -3.81309315996   77.7329608364   3.5
   42112.2116293   -3.80683124543   77.764661488   3.5
   14487.2912808   12.2881135683   66.6613107483   4.0
   33416.7132314   12.2165785234   67.5822401803   4.0
   40747.425065   12.4554432044   67.4817394435   4.0
   26021.5219878   9.50347793769   63.9668505435   4.0
   14580.8327255   9.50347793769   63.9668505435   4.0
   7144.75527738   11.1438745386   65.1085679966   4.0
   40476.5603603   12.2881135683   66.6613107483   4.0
   26807.8846408   11.1438745386   65.1085679966   4.5
   22364.5430226   9.50347793769   63.9668505435   4.5
   34849.3007583   9.50347793769   63.9668505435   5.0
