20150507 1.45179575697 0.0076893298277 0.000964480677488 0.0046401324265 -0.012177921933 -2.65733691874e-07 artbarlesncblabgre
20150508 1.97713906905 0.00922294830976 0.000822900853179 0.00669554094247 -0.0123621259932 -5.90434389952e-05 artbarlesncblabgre
20150509 2.36615269117 0.0115438219456 0.00047373971391 0.00799208863704 -0.0108061357856 -0.000634844916471 artbarlesncblabgre
20150511 2.75187886576 0.00912120450628 0.000752783382576 0.0103608155909 -0.00655154867507 -0.00157924420282 artbarlesncblabgre
20150512 2.50656028827 0.00846225650208 0.0005442454772 0.00920122415159 -0.00587688570179 -0.000955358047774 artbarlesncblabgre
20150513 2.31619520987 0.00724811051653 0.000510797825451 0.0090905703219 -0.00688949627549 -0.000930664476796 artbarlesncblabgre
20150514 2.44957390692 0.00730777243851 0.00110072726396 0.00878531432575 -0.00745408584187 -0.000524215499848 artbarlesncblabgre
20150515 2.30036495045 0.00615708859525 0.000990704145476 0.00899912603945 -0.00910391609429 -0.000393081286597 artbarlesncblabgre
20150516 2.92302110779 0.00658873114406 0.000650514617631 0.0118301118991 -0.00984456114663 0.000388949771701 artbarlesncblabgre
20150517 2.68981092033 0.00649631263703 0.00037695669784 0.0116639220493 -0.00701877882471 -0.00129034010298 artbarlesncblabgre
20150518 2.52029230599 0.00555451377345 0.000412893412797 0.0120704898304 -0.00892011350612 -0.00193000631418 artbarlesncblabgre
20150519 2.54157199279 0.00388641085018 0.000241105408969 0.0114712409048 -0.00235072257841 -0.00142825250511 artbarlesncblabgre
20150520 2.34460767747 0.00432129349164 0.00031915910258 0.010396187282 -0.00309583804889 -0.00144748054085 artbarlesncblabgre
20150521 2.50340810495 0.00501665924331 0.000623270639706 0.0105276630425 -0.00209837232072 -0.00187774047288 artbarlesncblabgre
20150522 3.04696394562 0.00733976636507 0.000869125815252 0.0119400896132 -0.00219875642765 -0.00215770198672 artbarlesncblabgre
20150523 2.75905993168 0.00900271588917 0.000694473219199 0.0101539507626 -0.00215325961664 -0.00237168718968 artbarlesncblabgre
20150524 3.08524386008 0.00929064452809 0.000759932279225 0.0112312141459 -0.0011872980065 -0.00227852981343 artbarlesncblabgre
20150525 2.90455992505 0.0092097580554 0.00131392289756 0.0106772551775 -0.00262414307416 -0.00328950172265 artbarlesncblabgre
20150526 1.59715304988 0.00572112466857 0.00100119308602 0.00592319856843 -0.00496966795235 -0.001788520161 artbarlesncblabgre
20150527 1.35723305212 0.00439639685506 0.000922606834397 0.00588395205072 -0.00752703859755 -0.00158690675136 artbarlesncblabgre
20150528 1.47748079133 0.00466953721632 0.000691720705933 0.0066600053234 -0.00773912859267 -0.00157111671804 artbarlesncblabgre
20150529 1.50182608985 0.00409760192239 0.000922541609212 0.00620943898101 -0.00482681665055 -0.00166606854582 artbarlesncblabgre
20150530 1.67863443609 0.00523157816519 0.00141338913414 0.00585910671938 -0.00502864798586 -0.00154584507553 artbarlesncblabgre
20150531 1.27466503839 0.00667783657989 0.00195984628608 0.00369576113361 -0.0091363980611 -0.00197168874979 artbarlesncblabgre
20150601 1.13238498788 0.00693045426917 0.00157392489773 0.00374151077178 -0.00847849789927 -0.00268596370544 artbarlesncblabgre
20150602 1.45017798765 0.00799636580457 0.00133065130753 0.00511013797095 -0.00880877874936 -0.00263628143306 artbarlesncblabgre
20150603 1.58925684523 0.00963955186681 0.000662889004048 0.00551644699227 -0.00887742650703 -0.00209694641493 artbarlesncblabgre
20150604 1.36801062056 0.0121275497041 0.000256245937585 0.00318191455484 -0.0061444533002 -0.00197567767985 artbarlesncblabgre
20150605 1.13053156062 0.0117213220533 0.000827962059684 0.00197365444732 -0.00667658117937 -0.00250669887008 artbarlesncblabgre
20150606 1.25056175279 0.00627081802866 0.00362554429219 0.0026406670332 -0.00687399584205 -0.00414563712462 artbarlesncblabgre
20150607 1.00135582925 0.00230603971686 0.00295148159383 0.004717186128 -0.00892342625835 -0.00435477517818 artbarlesncblabgre
20150608 1.02509251639 0.00160988830726 0.00209589029056 0.00594679504556 -0.00817397338502 -0.0041364246935 artbarlesncblabgre
20150609 -0.287786263132 -0.00449130059869 3.25482134691e-05 0.00431968232334 -0.0120201442117 -0.00173403712231 artbarlesncblabgre
20150610 -0.195413513364 -0.00189434367406 -0.000533356300044 0.00439456784343 -0.0140026502713 -0.00129745291983 artbarlesncblabgre
20150611 -0.482824186948 -0.00240466435848 -0.000593705220057 0.00434897958717 -0.0143164113464 -0.00269766656609 artbarlesncblabgre
20150613 -0.412808986713 0.00222402932796 -0.000639501533022 0.00310542568738 -0.0147391070139 -0.00332236096712 artbarlesncblabgre
20150614 2.2852993594 0.00650513751111 0.000456686246139 0.012359933784 -0.0159975107808 -0.00259260237062 artbarlesncblabgre
20150615 2.64490172222 0.00170591425283 0.000909170178463 0.0165972074 -0.0176489518752 -0.00338239395768 artbarlesncblabgre
20150616 3.19820531846 0.00054894198313 0.00312333719133 0.0159369779308 -0.0162594356052 -0.00232559869605 artbarlesncblabgre
20150624 2.478893812 -0.00859572048811 0.00170224225472 0.0162357452161 0.00334415802303 -0.0048587856733 artbarlesncblabgre
20150625 1.962311652 -0.0097145826825 0.00195811200548 0.0142424999746 0.00110521031283 -0.00459214676466 artbarlesncblabgre
20150626 1.80824535505 -0.0106823500543 0.000549352380576 0.0156746558158 -0.00189458850419 -0.00355155775003 artbarlesncblabgre
20150627 2.16058844597 -0.00977404166148 0.000492561759363 0.0168956917633 -0.00120836327987 -0.00359481837318 artbarlesncblabgre
20150630 2.54801136057 -0.0086514847227 0.0027764556926 0.0162985642891 6.01333413799e-05 -0.0054582150539 artbarlesncblabgre
20150701 2.6626014407 -0.00891206352301 0.00337515519803 0.0132938254122 0.0089998044461 -0.00388877486922 artbarlesncblabgre
20150702 2.3729770914 -0.00751117131795 0.00300187608231 0.0124209297275 0.00641095380302 -0.00410611211981 artbarlesncblabgre
20150703 3.58034006205 -0.00626574891456 0.00463344160925 0.0161199990337 0.0056945548648 -0.00477967005122 artbarlesncblabgre
20150704 4.34592043842 -0.00630411917417 0.00573842147616 0.0168972839764 0.00630895936576 -0.00278090480468 artbarlesncblabgre
20150705 3.82720477016 -0.00766323325356 0.00547210613959 0.0162919758374 0.00143022417617 -0.00262289405807 artbarlesncblabgre
20150706 4.72540591449 -0.00832638378444 0.00667122486509 0.0197899196958 0.000776491410013 -0.003072645258 artbarlesncblabgre
20150707 4.80981469244 -0.00128583046714 0.00809026660932 0.0132438524713 0.00271399663662 -0.0009046009566 artbarlesncblabgre
20150708 5.36086868557 0.000340412736004 0.0099134032344 0.0125404072925 0.004230855022 -0.0010056027247 artbarlesncblabgre
20150709 14.2961256737 0.0117378131274 0.0171121051982 0.0316949626857 0.0262710599955 0.00555950816729 artbarlesncblabgre
20150710 5.15102942816 0.00127541438752 0.0104162487792 0.0100487764864 0.00239180877398 0.000164327870062 artbarlesncblabgre
20150711 5.20804772991 0.00211612654006 0.0104468462841 0.0101622352705 0.0030509030685 -0.000435993346974 artbarlesncblabgre
20150712 4.7247076482 0.00133536058406 0.0106960940897 0.00800197717704 0.00210890740396 -0.000302467175508 artbarlesncblabgre
20150713 5.00551352369 0.00199682349871 0.0113402550408 0.0085747047284 0.00116540588702 -0.000553126525377 artbarlesncblabgre
20150714 1.4220166642 0.00360008920174 0.00535922894743 4.87548578693e-05 -0.00312400144825 -0.00170032392893 artbarlesncblabgre
20150715 1.70740233955 0.00346386353427 0.00518012907746 0.00144051446429 -0.00234553399197 -0.00154902053618 artbarlesncblabgre
20150716 1.57231124012 0.00202064511508 0.00460064298071 0.00279865887041 -0.000365548627127 -0.00302645527365 artbarlesncblabgre
20150717 1.4831606317 0.000766434753379 0.00316310422395 0.00491763755365 -0.000845201558818 -0.00306016582981 artbarlesncblabgre
20150718 1.13888696206 -0.00222660363251 0.00265982115846 0.00564009818271 -0.00395542132292 -0.00260473468827 artbarlesncblabgre
20150719 1.4375767002 -0.00357876308993 0.00308827024259 0.00692116118179 -0.00491644879021 -0.00198263124538 artbarlesncblabgre
20150720 1.55647663953 -0.0034742337092 0.00353133151467 0.00632524871582 -0.00434370004793 -0.00134817173486 artbarlesncblabgre
20150721 -1.11243341477 -0.0102254258459 -0.000745522328862 0.00373668363945 -0.0089674348133 -0.00221740676829 artbarlesncblabgre
20150722 -1.63950057694 -0.0108424901791 -0.00118527782688 0.00221124055457 -0.00855004264936 -0.00255275177278 artbarlesncblabgre
20150723 -2.20253074475 -0.0130224273505 -0.00163532455939 0.00101938881823 -0.00799545972051 -0.00258613695531 artbarlesncblabgre
20150724 -1.92851677929 -0.0133732455482 -0.00178877972159 0.00141571730899 -0.00633635152395 -0.00121397183567 artbarlesncblabgre
20150725 -2.12101165842 -0.0132390784804 -0.00191371516632 0.000693483791162 -0.00665781578631 -0.00126190789418 artbarlesncblabgre
20150726 -2.34751376198 -0.0139661560987 -0.00271384201644 0.000974850775698 -0.00554430521814 -0.00160199364067 artbarlesncblabgre
20150727 -3.01705151878 -0.016268349636 -0.00404995048966 0.00100435144209 -0.00542328875396 -0.00229848125812 artbarlesncblabgre
20150728 -3.15992395868 -0.0114902319925 -0.00348190177431 -0.00143795241621 -0.00652672679827 -0.00370998366836 artbarlesncblabgre
20150729 -3.47608700905 -0.0117237084384 -0.00476582047361 -0.00271878361998 -0.00471528698383 -0.00200929075678 artbarlesncblabgre
20150730 -3.63715381658 -0.010351393399 -0.00624269401187 -0.00350434457655 -0.00377488663143 -0.000416227900734 artbarlesncblabgre
20150731 -4.07742480006 -0.0100660645856 -0.00646243057278 -0.00484940702944 -0.00295552392444 -0.00156316939716 artbarlesncblabgre
20150801 -4.29574992191 -0.0112538653072 -0.00706134390919 -0.00398001776216 -0.00276564968629 -0.002498155862 artbarlesncblabgre
20150802 -5.28735547765 -0.0146827033231 -0.00829617130802 -0.00477603337855 -0.00228139084545 -0.00377671398771 artbarlesncblabgre
20150803 -6.17075107409 -0.016684592487 -0.0102599860581 -0.00491295926784 -0.00227263467187 -0.00471915828197 artbarlesncblabgre
20150804 -5.13011537594 -0.0150151157405 -0.00816044167586 -0.00314602088173 -0.00272937248591 -0.00496894449669 artbarlesncblabgre
20150805 -6.16220455792 -0.0134910346852 -0.0108570727052 -0.00527877629899 -0.00324582361212 -0.00487992382889 artbarlesncblabgre
20150806 -3.84601002287 0.000550626898828 -0.00812756012383 -0.00707041082695 -0.00249684899346 -0.000911965925067 artbarlesncblabgre
20150807 -5.62564304323 -0.00836902141142 -0.00910693116778 -0.0087241141469 -0.00263712684592 -0.00301189539862 artbarlesncblabgre
20150808 -6.25470602 -0.00892592192971 -0.00966347120326 -0.0104620717031 -0.00171936978974 -0.00372525589091 artbarlesncblabgre
20150809 -6.11755395203 -0.0118505133003 -0.00879372560574 -0.0100266816518 -0.00255044763337 -0.00279020284169 artbarlesncblabgre
20150810 -6.02566344055 -0.0138540962083 -0.00982357235649 -0.00774885642988 -0.00218646282566 -0.00229698837635 artbarlesncblabgre
20150811 -1.90036288572 -0.00461064410612 -0.00272573444087 -0.00383366596028 -0.00178186671909 0.0011227534919 artbarlesncblabgre
20150812 -1.86263716973 -0.00339066040743 -0.00114984130617 -0.0051133744432 -0.00149658827035 -0.000625564085356 artbarlesncblabgre
20150813 -2.17794928779 -0.00432564054748 -0.000222762116135 -0.00674152704005 -0.00112200114626 -0.00167163636971 artbarlesncblabgre
20150820 -4.42089492579 -0.00849648254044 -0.00555115848756 -0.00831284291733 -0.000976873308036 -0.00227089523786 artbarlesncblabgre
20150821 -5.34116371471 -0.00856986088097 -0.00696448999055 -0.010029011981 -0.0012493632052 -0.00341733436734 artbarlesncblabgre
20150822 -5.74491227033 -0.00871203421948 -0.00759601785554 -0.00950189354086 -0.00099753517798 -0.00582793998641 artbarlesncblabgre
20150823 -5.60120276512 -0.0112576887098 -0.00778786148284 -0.00798872344256 -0.000805248200649 -0.0050015915256 artbarlesncblabgre
20150824 -5.48073890781 -0.0111738809655 -0.00744450545889 -0.00798824241276 -0.000749888633128 -0.00487681158706 artbarlesncblabgre
20150825 -2.69296849659 -0.00519201767484 -0.00196030023428 -0.00422475307221 -0.000621128145715 -0.00529353227961 artbarlesncblabgre
20150826 -3.02979311411 -0.00384176522738 -0.00305743548681 -0.00490808324486 -0.000503539332303 -0.00554396860852 artbarlesncblabgre
20150827 -1.54758073077 -0.00363716302811 -0.00126288137655 -0.000210042527211 -0.000824282616025 -0.00547107501591 artbarlesncblabgre
20150828 -1.36403447519 -0.00343596893922 -0.0013054376356 0.000324174605947 -0.000501625252986 -0.00512158288453 artbarlesncblabgre
20150829 -1.50004604252 -0.00333846915886 -0.00115551250717 -0.000274649611434 -0.000374391474584 -0.00558531655639 artbarlesncblabgre
20150830 -1.60826897825 -0.00346531947158 -0.000855182154327 -0.00110411337051 -0.000286041423535 -0.00563133252105 artbarlesncblabgre
20150831 -1.45255189807 -0.00342829559653 -0.000488561423134 -0.000767993876458 -0.000978804148035 -0.0055378753936 artbarlesncblabgre
20150901 0.793460122459 0.00129647260147 0.00160927494083 0.00276293459049 -0.000402129454236 -0.00229802925527 artbarlesncblabgre
20150902 0.582545915324 0.000837274175975 0.00186133755152 0.0019441759745 -0.000312757190371 -0.00276537179518 artbarlesncblabgre
20150903 0.538782600294 0.00105783517888 0.00175277004638 0.0018093800775 -0.00120756695335 -0.00254781800094 artbarlesncblabgre
20150904 0.426846660993 0.00113881592787 0.00168075279634 0.00118577364485 -0.00037378800902 -0.0025890723911 artbarlesncblabgre
20150905 0.552710656583 0.00128882185118 0.00249744283592 0.000696727931103 -0.00034802006945 -0.00263501414725 artbarlesncblabgre
20150906 0.723659450202 0.00113910287593 0.00249631889366 0.00174693510422 -0.000366976299 -0.00287070570526 artbarlesncblabgre
20150907 0.631754002666 0.000727997685532 0.00202998526415 0.0020298622165 -0.000399246510955 -0.00276287839837 artbarlesncblabgre
20150908 -0.237779040246 0.000318418816191 0.00089226611349 -0.00052808802028 -0.000434069508561 -0.00267128840556 artbarlesncblabgre
20150909 -0.355709852081 0.00116628721041 0.000898379448177 -0.00141639785472 -0.000578835543023 -0.00273881790985 artbarlesncblabgre
20150910 -0.532471318121 0.000864089154834 0.00114597255575 -0.00241262898951 -0.000337049189213 -0.00284860068665 artbarlesncblabgre
20150911 -0.708043027698 0.000771416383837 0.00101450474906 -0.0034268415865 -0.000406748860573 -0.00225465773482 artbarlesncblabgre
20150912 -0.869749778064 0.000914588795831 0.00116951215278 -0.00440234523219 -0.000425090923164 -0.00233955783217 artbarlesncblabgre
20150913 -1.00074071965 0.00094385549853 0.00133304120944 -0.00511911838099 -0.000336257807303 -0.00256088290112 artbarlesncblabgre
20150914 -1.07065840415 0.00108777021031 0.00109258307931 -0.00512641359089 -0.000327139573888 -0.00268952374699 artbarlesncblabgre
20150915 -1.33847580153 0.000246641815165 0.000304826777146 -0.0048410279346 -0.000139207925741 -0.002990148904 artbarlesncblabgre
20150916 -1.21389510145 -0.000248163145533 0.000404152518573 -0.00432068932618 -0.000138085727334 -0.00272967346415 artbarlesncblabgre
20150917 -1.48562512823 2.48607844154e-05 -0.000259402585535 -0.00403369052473 -0.000330739658269 -0.00394277409586 artbarlesncblabgre
20150918 -1.665516052 0.00018066032991 -0.000344761689314 -0.0050528184049 -0.000481948007155 -0.00360470944686 artbarlesncblabgre
20150919 -1.5749000776 -1.24545569933e-05 0.00030506672116 -0.00580403868322 -0.00025475131919 -0.00302231907189 artbarlesncblabgre
20150920 -1.33011567972 0.000671526059251 0.000568859047042 -0.00584178612198 -0.000441788854349 -0.0021510166562 artbarlesncblabgre
20150921 -1.28881108388 0.000495524925356 0.000782614945498 -0.00585106944605 -0.000374704802258 -0.00215038284684 artbarlesncblabgre
20150922 -0.339073268016 0.000245447999334 0.00101332768814 -0.00321707763954 9.04933941466e-06 0.000273594896923 artbarlesncblabgre
20150923 -0.57581669986 0.000820052069307 0.000514046133831 -0.0034993498441 0.000109751434858 -0.000458491086059 artbarlesncblabgre
20150924 -0.158177093853 0.0007101332265 0.000935060120759 -0.00198018371184 3.75721020825e-06 -0.000446950568671 artbarlesncblabgre
20150925 0.145647693038 0.000909017902687 0.000929706387918 -0.000337522700652 2.81238189436e-05 -0.000864994760366 artbarlesncblabgre
20150926 0.112646803571 0.00078396550519 0.00097867086008 -0.000567518904173 0.000590646820459 -0.000936292003172 artbarlesncblabgre
20150927 -0.0910571544867 0.000134548712422 0.00111169974203 -0.00150335457478 0.000583266158561 -0.000794676066409 artbarlesncblabgre
20150928 0.0211470547396 0.000314971524843 0.00105636052796 -0.00238030746507 0.000201807511325 0.00138989499543 artbarlesncblabgre
20150929 0.661048150578 0.000625269599468 -0.000110907499794 0.00219657386815 0.000670548290338 0.000993610444086 artbarlesncblabgre
20150930 0.612788682901 0.00250664875169 8.19560400125e-05 0.00125499809944 0.000718122027089 0.000375963756782 artbarlesncblabgre
