('Polygon_number', 'Longitude', 'Latitude', 'Func_value')
0 42.9545898438 82.2522964478 1
0 42.9299697876 82.3441467285 1
0 43.619644165 82.3469161987 1
0 44.3097229004 82.3485717773 1
0 44.3013038635 82.4404907227 1
0 45.0 82.4410476685 1
0 45.0 82.5329818726 1
0 45.0 82.6249160767 1
0 45.0 82.7168655396 1
0 45.0 82.8088226318 1
0 45.0 82.9007949829 1
0 45.7440605164 82.9001922607 1
0 45.7538490295 82.9921646118 1
0 46.507434845 82.9903488159 1
0 46.5275268555 83.0822982788 1
0 46.5481567383 83.1742553711 1
0 47.3215293884 83.1711502075 1
0 48.0940589905 83.166809082 1
0 48.1363601685 83.2586746216 1
0 48.9182472229 83.2530136108 1
0 49.6986808777 83.2461013794 1
0 49.7636413574 83.3377914429 1
0 50.5529708862 83.3295211792 1
0 50.6306838989 83.4210968018 1
0 51.4287490845 83.4114303589 1
0 52.2243156433 83.4004898071 1
0 53.0170936584 83.3882904053 1
0 53.1301040649 83.4794006348 1
0 53.2463226318 83.5704879761 1
0 54.057888031 83.556640625 1
0 54.188835144 83.6475143433 1
0 55.0079803467 83.6321640015 1
0 55.1542663574 83.7227859497 1
0 55.9806518555 83.705909729 1
0 56.1428909302 83.7962417603 1
0 56.9761314392 83.7778015137 1
0 57.8042678833 83.7580490112 1
0 58.6269950867 83.7369995117 1
0 58.8286514282 83.826423645 1
0 59.6567497253 83.8037719727 1
0 59.8756828308 83.892791748 1
0 60.1010971069 83.9817199707 1
0 60.9453964233 83.9570846558 1
0 61.7826423645 83.9311447144 1
0 62.0377693176 84.0192260742 1
0 62.8786964417 83.991607666 1
0 63.7117385864 83.9627075195 1
0 63.9966545105 84.0498352051 1
0 64.8321304321 84.0192260742 1
0 65.6589126587 83.9873657227 1
0 66.4767913818 83.9542694092 1
0 66.8014068604 84.0398483276 1
0 67.6198654175 84.0050506592 1
0 67.9637756348 84.0899276733 1
0 68.3177108765 84.1745986938 1
0 69.1455383301 84.1375427246 1
0 69.9627914429 84.099281311 1
0 70.7693252563 84.0598297119 1
0 71.161567688 84.142616272 1
0 71.965713501 84.1014404297 1
0 72.7585372925 84.0591201782 1
0 73.1785888672 84.1404418945 1
0 73.9676589966 84.0963973999 1
0 74.7448806763 84.0512619019 1
0 75.191619873 84.1310272217 1
0 75.9637527466 84.0841827393 1
0 76.7236022949 84.0362930298 1
0 77.1957321167 84.1144104004 1
0 77.94921875 84.0648345947 1
0 78.690071106 84.0142593384 1
0 79.4183654785 83.9627075195 1
0 80.1341934204 83.910194397 1
0 80.8376541138 83.8567504883 1
0 81.0273742676 83.7281951904 1
0 80.5376815796 83.6535263062 1
0 80.059425354 83.578414917 1
0 80.059425354 83.578414917 1
0 80.2563552856 83.4501800537 1
0 80.2563552856 83.4501800537 1
0 80.4457092285 83.3218917847 1
0 79.9920196533 83.2467269897 1
0 79.9920196533 83.2467269897 1
0 80.6279067993 83.1935501099 1
0 80.8033447266 83.0651550293 1
0 80.8033447266 83.0651550293 1
0 81.4163818359 83.0109481812 1
0 82.0198898315 82.9559555054 0
0 82.1644744873 82.8271255493 0
0 82.1644744873 82.8271255493 0
0 82.3039474487 82.6982650757 0
0 82.3039474487 82.6982650757 0
0 82.4385681152 82.5693893433 0
0 82.0106735229 82.4961853027 0
0 82.0106735229 82.4961853027 0
0 82.1466903687 82.3674240112 0
0 82.1466903687 82.3674240112 0
0 82.278175354 82.2386398315 0
0 82.278175354 82.2386398315 0
0 82.4053573608 82.1098327637 0
0 82.0025253296 82.0366439819 0
0 82.0025253296 82.0366439819 0
0 82.1309280396 81.9079589844 0
0 82.1309280396 81.9079589844 0
0 82.2552871704 81.7792434692 0
0 82.2552871704 81.7792434692 0
0 82.3758087158 81.6505203247 0
0 82.3758087158 81.6505203247 0
0 82.4926528931 81.521774292 0
0 82.116859436 81.4487380981 0
0 82.116859436 81.4487380981 0
0 82.2348327637 81.3201065063 0
0 82.2348327637 81.3201065063 0
0 82.3493499756 81.1914596558 0
0 81.8698959351 81.2468414307 0
0 81.3843536377 81.301612854 2
0 80.8926620483 81.3557510376 0
0 80.5376815796 81.281211853 0
0 80.0419311523 81.3342514038 2
0 79.5400924683 81.3866348267 1
0 79.195602417 81.3108520508 1
0 78.690071106 81.3621139526 1
0 78.1785125732 81.4127044678 1
0 77.8450546265 81.3357162476 1
0 77.3301849365 81.3851623535 1
0 77.0053863525 81.3074493408 1
0 76.6863708496 81.2294692993 1
0 76.373008728 81.1512298584 1
0 76.0651626587 81.0727386475 1
0 75.5559616089 81.1197509766 1
0 75.256439209 81.0405960083 1
0 74.9621810913 80.9612121582 1
0 74.4536743164 81.006690979 1
0 73.9400100708 81.0514602661 1
0 73.657119751 80.9710388184 1
0 73.1416015625 81.0146865845 1
0 72.6210784912 81.0576019287 0
0 72.0955505371 81.0997772217 0
0 71.5650482178 81.141204834 0
0 71.0295944214 81.1818618774 0
0 70.4891967773 81.2217559814 0
0 69.9439086914 81.2608642578 0
0 69.393737793 81.2991790771 0
0 68.8387374878 81.3366928101 0
0 68.2789459229 81.3733825684 0
0 68.0394363403 81.2889785767 0
0 67.4794311523 81.3244934082 0
0 67.4794311523 81.3244934082 0
0 67.1451797485 81.4442901611 0
0 66.5713043213 81.4784698486 2
0 65.9928512573 81.5118026733 2
0 65.9928512573 81.5118026733 2
0 66.2179718018 81.5974731445 0
0 66.4477386475 81.6830215454 0
0 66.0837554932 81.8019332886 0
0 66.0837554932 81.8019332886 0
0 65.7090377808 81.9205245972 0
0 65.7090377808 81.9205245972 0
0 65.323135376 82.038772583 0
0 64.6986236572 82.0702133179 0
0 64.069190979 82.1007156372 0
0 63.8531570435 82.0138168335 0
0 63.2250747681 82.0430297852 0
0 62.5924263 82.0712814331 0
0 62.393321991 81.9836502075 0
0 61.7625541687 82.010635376 2
0 61.7625541687 82.010635376 0
0 61.3138542175 82.1248779297 0
0 60.6681594849 82.1501922607 2
0 60.0183601379 82.1745071411 2
0 59.3645820618 82.1978149414 2
0 58.7069625854 82.2201080322 2
0 58.0456352234 82.2413635254 1
0 58.0456352234 82.2413635254 1
0 58.2010879517 82.3308792114 1
0 57.6803817749 82.4410476685 1
0 57.5288085938 82.3513412476 1
0 57.3807563782 82.2615966797 1
0 56.7124710083 82.2807769775 1
0 56.0409393311 82.2989044189 1
0 55.3663215637 82.3159790039 1
0 54.688785553 82.3319778442 1
0 54.5742263794 82.2413635254 1
0 53.901714325 82.2561187744 2
0 53.2267227173 82.2698059082 2
0 52.5494232178 82.2824249268 0
0 51.8699913025 82.2939605713 0
0 51.8699913025 82.2939605713 0
0 51.2634887695 82.3957824707 0
0 50.5721969604 82.4052581787 0
0 49.8792724609 82.4136352539 0
0 49.18491745 82.4208984375 0
0 48.4893264771 82.4270477295 0
0 47.7927017212 82.4320831299 0
0 47.0952529907 82.4360046387 0
0 47.0700302124 82.3441467285 0
0 46.380355835 82.3469161987 0
0 45.6902770996 82.3485717773 0
0 45.0 82.3491287231 0
0 45.0 82.2572174072 0
0 44.3179397583 82.2566680908 0
0 43.6360740662 82.255027771 0
0 42.9545898438 82.2522964478 0
0 42.9545898438 82.2522964478 1
1 18.6156921387 76.9675369263 0
1 18.4349479675 77.0491485596 0
1 18.7998847961 77.0896682739 0
1 18.6185894012 77.1714324951 0
1 18.9876232147 77.2117004395 0
1 18.8057899475 77.2936172485 0
1 19.1790084839 77.3336181641 0
1 18.9966545105 77.415687561 0
1 19.3741397858 77.4554214478 0
1 19.9325370789 77.4120178223 0
1 20.1086997986 77.3293151855 0
1 20.1086997986 77.3293151855 0
1 20.6589107513 77.2843780518 0
1 20.6589107513 77.2843780518 0
1 21.2051639557 77.2382888794 0
1 21.2051639557 77.2382888794 0
1 21.7474079132 77.1910629272 0
1 21.9087047577 77.1072158813 0
1 21.9087047577 77.1072158813 0
1 22.4427528381 77.0585403442 0
1 22.4427528381 77.0585403442 0
1 22.8196563721 77.09324646 0
1 23.1985912323 77.1273956299 0
1 23.5795402527 77.1609802246 0
1 23.9624881744 77.1940078735 2
1 24.3474159241 77.2264633179 2
1 24.2009716034 77.3117828369 2
1 24.5901165009 77.3438873291 2
1 24.9812393188 77.3754119873 1
1 25.3743171692 77.4063568115 1
1 25.232831955 77.4922637939 2
1 25.6302375793 77.5228347778 2
1 25.489200592 77.6089019775 2
1 25.8910140991 77.6390838623 0
1 26.4308700562 77.5821685791 0
1 26.029592514 77.5528030396 0
1 26.1662464142 77.4664611816 0
1 26.3010177612 77.380065918 0
1 25.9065074921 77.3505172729 0
1 26.0418167114 77.2642745972 0
1 25.6515293121 77.2343444824 0
1 25.2630977631 77.2038345337 0
1 25.4011878967 77.1179504395 0
1 25.0168933868 77.0870742798 0
1 25.1553726196 77.0013427734 0
1 24.7751407623 76.9701080322 0
1 24.3967590332 76.9383087158 0
1 24.0202465057 76.9059524536 0
1 24.1633243561 76.8208007812 0
1 23.7907733917 76.7881088257 0
1 23.4200935364 76.7548599243 0
1 23.0513000488 76.7210693359 0
1 22.6844120026 76.6867370605 0
1 22.3194408417 76.6518783569 0
1 21.956401825 76.6164779663 0
1 21.5953102112 76.5805511475 0
1 21.5953102112 76.5805511475 0
1 21.0774936676 76.6274337769 0
1 20.7185401917 76.5902252197 0
1 20.7185401917 76.5902252197 0
1 20.1973400116 76.6352615356 0
1 20.1973400116 76.6352615356 0
1 20.0310134888 76.717918396 0
1 19.5024490356 76.761505127 0
1 19.5024490356 76.761505127 0
1 19.330121994 76.8437042236 0
1 19.1556129456 76.9258041382 0
1 18.6156921387 76.9675369263 0
1 18.6156921387 76.9675369263 0
2 23.1104431152 78.8914031982 0
2 22.932100296 78.9762420654 0
2 23.3768043518 79.0102920532 0
2 23.9967765808 78.9583053589 0
2 23.9967765808 78.9583053589 0
2 24.4439544678 78.9907684326 0
2 24.8937644958 79.0225601196 0
2 25.5069389343 78.9674606323 0
2 25.0576152802 78.936592102 0
2 25.2189235687 78.8505554199 0
2 25.3777446747 78.7644424438 0
2 25.5341339111 78.6782531738 0
2 25.6881427765 78.5920028687 0
2 25.8398265839 78.5056762695 0
2 25.8398265839 78.5056762695 0
2 26.4207286835 78.4487380981 0
2 26.4207286835 78.4487380981 0
2 26.9958381653 78.3906326294 0
2 27.1351394653 78.3036804199 0
2 27.2723712921 78.2166671753 0
2 27.4075756073 78.1296005249 0
2 26.9853057861 78.1016693115 0
2 27.1213035583 78.0147628784 0
2 27.2553291321 77.9278030396 0
2 26.8405094147 77.8996505737 0
2 26.975276947 77.8128509521 0
2 26.5650520325 77.784286499 0
2 26.5650520325 77.784286499 0
2 26.427652359 77.870880127 0
2 26.2882614136 77.9574127197 0
2 26.1468410492 78.0438919067 0
2 26.0033454895 78.1303100586 0
2 25.4362163544 78.1863861084 0
2 25.4362163544 78.1863861084 2
2 25.2857055664 78.2724533081 2
2 25.1329555511 78.3584442139 2
2 24.9779167175 78.4443664551 0
2 24.3903064728 78.4983596802 0
2 24.3903064728 78.4983596802 2
2 24.2277450562 78.5838928223 0
2 24.0627155304 78.669342041 0
2 23.895160675 78.7547073364 0
2 23.725030899 78.8399887085 0
2 23.1104431152 78.8914031982 0
2 23.1104431152 78.8914031982 0
3 79.5085220337 79.2760314941 1
3 79.7891311646 79.3513412476 1
3 80.0737533569 79.426399231 1
3 80.3624649048 79.5012054443 1
3 80.6553268433 79.5757522583 1
3 80.9524307251 79.6500244141 1
3 81.2538375854 79.724029541 1
3 81.5596313477 79.7977600098 1
3 81.8698959351 79.8712005615 1
3 82.1847076416 79.9443511963 0
3 82.284324646 79.8159637451 0
3 82.284324646 79.8159637451 0
3 82.3814544678 79.6875762939 0
3 82.0730743408 79.6146469116 0
3 82.0730743408 79.6146469116 0
3 82.1709213257 79.4863586426 0
3 82.1709213257 79.4863586426 0
3 82.2664031982 79.3580703735 0
3 82.2664031982 79.3580703735 0
3 82.3595962524 79.2297744751 0
3 82.064453125 79.1568832397 0
3 82.064453125 79.1568832397 0
3 82.1582946777 79.0286941528 0
3 81.7732772827 79.0837249756 0
3 81.4860153198 79.0102920532 0
3 81.0982818604 79.064453125 0
3 80.7066879272 79.1181106567 0
3 80.3112106323 79.1712722778 0
3 79.9118270874 79.2239151001 0
3 79.5085220337 79.2760314941 0
3 79.5085220337 79.2760314941 1
4 75.9637527466 80.8681716919 1
4 76.2637329102 80.9467315674 1
4 76.5689697266 81.0250396729 1
4 77.0673904419 80.9766616821 1
4 77.3806762695 81.0542907715 1
4 77.8762588501 81.0048141479 0
4 78.0481262207 80.8778991699 0
4 77.7352294922 80.8008575439 0
4 77.7352294922 80.8008575439 0
4 77.9052429199 80.6740493774 1
4 77.4275512695 80.7235565186 1
4 76.9447555542 80.7724227905 1
4 76.6446609497 80.6944580078 1
4 76.1593017578 80.7422485352 1
4 76.1593017578 80.7422485352 1
4 75.9637527466 80.8681716919 1
4 75.9637527466 80.8681716919 1
5 29.4454288483 80.7249221802 1
5 29.2913627625 80.8132705688 1
5 29.1342926025 80.9015579224 1
5 29.8459320068 80.8376846313 0
5 29.9950790405 80.7490997314 0
5 29.4454288483 80.7249221802 0
5 29.4454288483 80.7249221802 1
6 52.6960525513 79.6871643066 0
6 52.7651672363 79.7779312134 0
6 53.275894165 79.7651519775 1
6 53.7073707581 79.6610336304 1
6 53.2023544312 79.6744995117 0
6 52.6960525513 79.6871643066 0
6 52.6960525513 79.6871643066 0
7 81.645652771 80.5861358643 0
7 81.9829101563 80.6595611572 0
7 82.3255233765 80.732673645 0
7 82.431602478 80.6041030884 0
7 82.0928344727 80.5311126709 0
7 81.645652771 80.5861358643 1
7 81.645652771 80.5861358643 0
8 19.9831066132 77.8200836182 0
8 19.7988758087 77.9027786255 0
8 20.3764343262 77.8584213257 0
8 19.9831066132 77.8200836182 0
8 19.9831066132 77.8200836182 0
9 26.2947902679 77.6686630249 0
9 26.1567745209 77.7551040649 0
9 26.7005023956 77.6976318359 0
9 26.2947902679 77.6686630249 0
9 26.2947902679 77.6686630249 0
10 25.3461761475 79.0536727905 0
10 25.1828479767 79.1398086548 0
10 25.801153183 79.0841064453 0
10 25.3461761475 79.0536727905 0
10 25.3461761475 79.0536727905 0
11 29.3577537537 80.435256958 0
11 29.2075958252 80.5235290527 1
11 29.8904247284 80.4595718384 0
11 29.3577537537 80.435256958 0
11 29.3577537537 80.435256958 0
12 29.6938610077 80.9262084961 1
12 29.5387821198 81.0146865845 1
12 30.2564373016 80.9499969482 0
12 29.6938610077 80.9262084961 0
12 29.6938610077 80.9262084961 1
13 42.3057174683 82.1566696167 1
13 42.27368927 82.2484664917 1
13 42.9786338806 82.160446167 0
13 42.3057174683 82.1566696167 0
13 42.3057174683 82.1566696167 1
14 81.7592849731 80.4578018188 1
14 82.0928344727 80.5311126709 0
14 82.1998138428 80.4026412964 0
14 81.7592849731 80.4578018188 1
14 81.7592849731 80.4578018188 1
15 81.8698959351 80.3294525146 1
15 82.1998138428 80.4026412964 0
15 82.3039474487 80.2741699219 0
15 81.8698959351 80.3294525146 1
15 81.8698959351 80.3294525146 1
16 81.9776000977 80.2010955811 1
16 82.3039474487 80.2741699219 0
16 82.4053573608 80.1456832886 0
16 81.9776000977 80.2010955811 1
16 81.9776000977 80.2010955811 1
