   0.0   2.60508353957   65.4128674647   3.0

   0.0   -6.63918805375   68.5456551166   3.0


   0.0   10.5788593482   64.7801105547   3.0
   0.0   -8.11574983588   71.1525534542   3.0



   0.0   -7.67630860327   71.0506368173   3.0
   0.0   -14.8195709481   72.8546141889   3.0

   0.0   12.366560254   66.6271744589   3.0

   0.0   -13.984383522   73.4049334365   3.0
   0.0   13.0710031172   67.8017372518   3.0

   0.0   -11.82788326   74.4406257237   3.0

   0.0   14.8222372406   68.1071557127   3.0
   0.0   -10.7950625495   74.9811384511   3.0



   0.0   -10.1589481133   75.2367240067   3.0



   0.0   -9.52678435981   75.3836943266   3.0
   0.0   16.5079106768   69.2791898583   3.0
   0.0   -6.61003559672   76.6129178511   3.0



   0.0   -5.63826765309   76.7875517792   3.0

   0.0   19.3998275802   70.2797768635   3.0



   0.0   -4.83528906549   77.0412033097   3.0

   0.0   19.9861297544   70.3469285159   3.0
   0.0   -2.64568204705   77.9466597604   3.0
   0.0   23.4036193746   70.9934911211   3.0


   0.0   24.1711723553   71.1614949605   3.0



   0.0   -0.797305417335   78.7693553719   3.0



   0.0   16.5148778345   76.4631025561   3.0




   0.0   16.7022881976   76.453454429   3.0



   0.0   10.2313860078   78.5703582487   3.0


   0.0   20.7721729697   76.6439648092   3.0



   0.0   23.4733866691   76.5779628196   3.0







































































































