   0.0   9.46442465713   63.9496862314   3.0
   0.0   -16.0139854627   71.7347183213   3.0
   0.0   -8.04632118737   70.9099613644   3.0
   0.0   -14.2562463476   73.0005305629   3.0


   0.0   -14.0316740619   73.1319468131   3.0

   0.0   12.3060601075   66.6535136253   3.0
   0.0   12.1580039261   67.3548146312   3.0


   0.0   12.1977594913   67.5901088573   3.0
   0.0   14.0496834152   68.4671770596   3.0
   0.0   15.1331431601   69.0881952819   3.0


   0.0   16.2687530724   69.3856149528   3.0

   0.0   18.0115372255   69.7727465711   3.0
   0.0   25.3448094878   76.4939454695   3.0















